burner_inputP,fur_F,fur_inputT,fur_inputP,fur_temp,fur_outputT,WHB_F,WHB_inputT,WHB_inputP,WHB_outputT,WHB_outputP,SEP1_F,SEP1_T,HEATER1_F,HEATER1_input_T,HEATER1_input_P,HEATER1_output_P,cat1_F,cat1_input_temp,cat1_output_temp,cat1_input_P,cat1_deltaP,SEP2_F,SEP2_T,HEATER2_F,HEATER2_input_T,HEATER2_input_P,HEATER2_output_P,cat2_F,cat2_input_temp,cat2_output_temp,cat2_input_P,cat2_deltaP,SEP3_F,SEP3_T,B35_H2S,B35_SO2,burner_inputP_pred,fur_F_pred,fur_inputT_pred,fur_inputP_pred,fur_temp_pred,fur_outputT_pred,WHB_F_pred,WHB_inputT_pred,WHB_inputP_pred,WHB_outputT_pred,WHB_outputP_pred,SEP1_F_pred,SEP1_T_pred,HEATER1_F_pred,HEATER1_input_T_pred,HEATER1_input_P_pred,HEATER1_output_P_pred,cat1_F_pred,cat1_input_temp_pred,cat1_output_temp_pred,cat1_input_P_pred,cat1_deltaP_pred,SEP2_F_pred,SEP2_T_pred,HEATER2_F_pred,HEATER2_input_T_pred,HEATER2_input_P_pred,HEATER2_output_P_pred,cat2_F_pred,cat2_input_temp_pred,cat2_output_temp_pred,cat2_input_P_pred,cat2_deltaP_pred,SEP3_F_pred,SEP3_T_pred,B35_H2S_pred,B35_SO2_pred
1.622168383,276.2319733,135.5788464,1.571980399,923.2876913,922.5406806,273.1139313,922.5406806,1.521297889,194.8069316,1.521193381,273.1139313,114.04136410000001,251.86170235,114.04136410000001,1.420144398,1.419502171,251.86170235,224.02321210000002,262.80101460000003,1.419362604,7.9176042995,249.9794249,42.81056341,163.7660137,42.81056341,1.26130119,1.419502171,163.7660137,229.9999977,287.0770351,1.261053366,9.438363894,161.97659794999998,160.55859965,0.011803428500000001,0.0020065835000000003,1.6221652326649532,276.23871865215386,135.57707920601584,1.5719779088156476,923.4836145836392,922.708309492362,273.1194788678558,922.9439189220118,1.5212845516364217,195.2533734259969,1.5211801270580572,273.01011004742577,114.27562534568938,252.06913281602118,114.25030802521339,1.4201511623993612,1.4195091647122602,252.00503680094937,224.14455675354233,263.05311406762183,1.4193695786862803,7.927811417175825,250.16272480435998,42.7726568184875,163.78178602125502,42.76328924257137,1.2612764096955862,1.4195087907556958,163.7252776866538,227.63814750317738,284.9831902617699,1.2610209821485159,9.402980664739912,161.92106267846697,133.484455372671,0.01163397750284432,0.002048424641124378
1.622168383,276.2319733,135.5788464,1.571980399,923.2876913,922.5406806,273.1139313,922.5406806,1.521297889,194.8069316,1.521193381,273.1139313,114.0412458,251.86175705,114.0412458,1.420144398,1.419502171,251.86175705,224.02307445,262.8008085,1.419362604,7.917604241499999,249.9794826,42.810574419999995,163.7660414,42.810574419999995,1.2613011945000001,1.419502171,163.7660414,229.9999977,287.07710475,1.26105337,9.4383681915,161.97662315,160.55902609999998,0.011803439500000004,0.00200659,1.6221652321481124,276.23875693023615,135.57712725656216,1.5719779088267603,923.4836741199662,922.708377953333,273.1195216933476,922.9439932272139,1.5212845533803847,195.25359002426092,1.521180128912779,273.0101490429956,114.27564817140941,252.0691880928668,114.25032733928401,1.4201511664715076,1.4195091686395502,252.00508914644712,224.14454571149915,263.0531095630157,1.4193695823213164,7.927814876729209,250.1627711541199,42.772817322372035,163.78188390569602,42.76344727716414,1.2612764201600966,1.4195087946568041,163.72537658021275,227.63834076039967,284.9832674388184,1.2610209927631881,9.402989631150517,161.92116732253078,133.4841879876208,0.011634014087223652,0.0020484235777086745
1.622168383,276.2319733,135.5788464,1.571980399,923.2876913,922.5406806,273.1139313,922.5406806,1.521297889,194.8069316,1.521193381,273.1139313,114.0411278,251.8618116,114.0411278,1.420144398,1.419502171,251.8618116,224.02293715000002,262.80060305,1.419362604,7.9176041835,249.97954025,42.810585395000004,163.76606900000002,42.810585395000004,1.261301199,1.419502171,163.76606900000002,229.9999977,287.07717425,1.2610533744999999,9.438372477,161.97664815000002,160.5594514,0.011803450000000004,0.0020065965000000004,1.622165231647944,276.2387945059683,135.57717235015178,1.5719779088823238,923.4837277026603,922.7084430747442,273.1195648670142,922.9440666975263,1.5212845553734853,195.25379557159312,1.5211801308911492,273.0101880385654,114.27566924130483,252.0692437884764,114.250342849068,1.4201511704305387,1.4195091727762958,252.00514274823678,224.14452998495278,263.05310027226545,1.4193695860079132,7.927818225399471,250.1628183466027,42.77297242468354,163.78198103329856,42.76360083616786,1.2612764307554132,1.4195087985055483,163.72547345553582,227.63853897293532,284.9833542629979,1.261021003441804,9.402998483339331,161.92126948098738,133.48392654446062,0.011634050129724668,0.0020484233650256
1.622168383,276.2319733,135.5788464,1.571980399,923.2876913,922.5406806,273.1139313,922.5406806,1.521297889,194.8069316,1.521193381,273.1139313,114.04101015,251.86186600000002,114.04101015,1.420144397,1.419502171,251.86186600000002,224.02280025,262.8003981,1.419362604,7.9176041260000005,249.97959765000002,42.810596335,163.76609655,42.810596335,1.261301203,1.419502171,163.76609655,229.9999977,287.0772435,1.2610533785,9.4383767515,161.97667315,160.5598756,0.011803460500000005,0.0020066024999999994,1.6221652312144648,276.23883137935036,135.57721892221977,1.5719779088600982,923.483785006375,922.7085098659354,273.1196057775451,922.9441343236091,1.5212845569181381,195.25400111892532,1.521180132622223,273.01022320421316,114.275686799551,252.069299484086,114.25035543247766,1.4201511745309638,1.4195091765988583,252.00519718755444,224.14451325458433,263.0530870399848,1.4193695894624863,7.92782155189311,250.1628663818084,42.77312166243003,163.78207563810625,42.76374853060662,1.2612764408275046,1.419508802223383,163.725567808064,227.63873718547097,284.9834410871775,1.2610210134809818,9.403007107084562,161.9213681595939,133.48367847055295,0.011634086714332373,0.002048422514293523
1.622168383,276.2319733,135.5788464,1.571980399,923.2876913,922.5406806,273.1139313,922.5406806,1.521297889,194.8069316,1.521193381,273.1139313,114.04089285,251.8619202,114.04089285,1.420144397,1.419502171,251.8619202,224.0226637,262.8001937,1.419362604,7.917604068,249.97965495,42.810607245,163.766124,42.810607245,1.2613012074999999,1.419502171,163.766124,229.9999977,287.07731255,1.261053383,9.438381014,161.97669805,160.5602987,0.011803471500000004,0.0020066089999999995,1.6221652307309686,276.2388675503822,135.57726549428773,1.571977908999007,923.4838385890691,922.7085733175669,273.1196458176391,922.9442027845819,1.5212845590108937,195.25420224588478,1.521180134674782,273.01026045890933,114.27570084614794,252.0693530858757,114.25036567478784,1.4201511782354859,1.4195091804214206,252.00524827676023,224.14449351274953,263.05307211847685,1.4193695927881576,7.927824656620505,250.16291146748395,42.77326642458743,163.78216544960367,42.76389144079501,1.261276450637983,1.4195088058888539,163.7256581241204,227.63891557675308,284.9835230877915,1.2610210232643844,9.403015445275317,161.92146509827535,133.48343188211777,0.011634120589071711,0.002048423046001031
1.622168383,276.2319733,135.5788464,1.571980399,923.2876913,922.5406806,273.1139313,922.5406806,1.521297889,194.8069316,1.521193381,273.1139313,114.04077584999999,251.86197429999999,114.04077584999999,1.420144397,1.419502171,251.86197429999999,224.0225276,262.7999899,1.419362604,7.917604011,249.97971205,42.810618115,163.76615135,42.810618115,1.261301212,1.419502171,163.76615135,229.9999977,287.0773815,1.261053387,9.438385264499999,161.97672295,160.56072065,0.011803482500000002,0.0020066150000000002,1.6221652303197192,276.2389033702391,135.57731132711655,1.5719779089378871,923.4838914275592,922.7086367691985,273.11968498729624,922.9442704106648,1.5212845606053742,195.25440337284425,1.521180136455315,273.0102942318582,114.27571196637052,252.06940291878954,114.25037240544881,1.4201511816289412,1.4195091837727083,252.00529601585419,224.14447276709262,263.05305438159,1.4193695958818053,7.92782749522841,250.16295402499077,42.77340547651048,163.78225248602672,42.76402910374105,1.2612764597944297,1.4195088091877774,163.7257464219409,227.63909396803518,284.9836050884055,1.2610210324722926,9.403023497911592,161.92155557437803,133.4831867791551,0.011634156631902674,0.002048423046001031
1.622168383,276.2319733,135.5788464,1.571980399,923.2876913,922.5406806,273.1139313,922.5406806,1.521297889,194.8069316,1.521193381,273.1139313,114.0406591,251.86202825,114.0406591,1.420144397,1.419502171,251.86202825,224.02239175,262.79978665,1.419362604,7.9176039535000005,249.97976905000002,42.810628949999995,163.76617865,42.810628949999995,1.261301216,1.419502171,163.76617865,229.9999977,287.07745020000004,1.2610533915,9.4383895035,161.97674769999998,160.56114155,0.0118034925,0.0020066215000000007,1.62216522988624,276.2389374342206,135.577355681467,1.5719779089878942,923.4839435218453,922.7086952114907,273.11972467921555,922.944335532078,1.5212845624988196,195.2545912386855,1.5211801383842258,273.01033009385543,114.27571928230643,252.06945568305125,114.25037533182315,1.4201511851920692,1.4195091872287235,252.005346267532,224.1444480061473,263.0530349554759,1.4193695989496726,7.9278304003661875,250.16299700385903,42.773539281191155,163.78233649509593,42.76416074779148,1.261276468885473,1.4195088125128832,163.72583017873063,227.63928226994406,284.9836919125851,1.2610210414883696,9.403031264993391,161.92164455911637,133.4829520744999,0.011634194029845314,0.002048422407952039
1.622168383,276.2319733,135.5788464,1.571980399,923.2876913,922.5406806,273.1139313,922.5406806,1.521297889,194.8069316,1.521193381,273.1139313,114.04054275,251.86208205,114.04054275,1.420144397,1.419502171,251.86208205,224.02225635000002,262.7995839,1.419362604,7.9176038965,249.97982585,42.81063976,163.7662059,42.81063976,1.2613012205,1.419502171,163.7662059,229.9999977,287.07751874999997,1.2610533955,9.438393731,161.97677240000002,160.56156135,0.011803503499999996,0.0020066275000000006,1.6221652294694329,276.2389690399766,135.57740521049166,1.57197790888788,923.4839985929477,922.7087603329021,273.1197586262517,922.9444039930507,1.5212845644420927,195.25477689434038,1.521180140412055,273.0103582960086,114.2757239645054,252.06949923450537,114.25037533182315,1.4201511881613427,1.419509190265828,252.00538981898612,224.14442257598722,263.05301299552076,1.4193696015534927,7.927832928501352,250.1630345050284,42.773667684298786,163.78241520629592,42.7642877619222,1.2612764769954685,1.419508815366714,163.72590838537164,227.63944579528598,284.983764266068,1.2610210496092331,9.403038518077128,161.92172757839742,133.48271588437225,0.011634229801902943,0.002048421982586155
1.622168383,276.2319733,135.5788464,1.571980399,923.2876913,922.5406806,273.1139313,922.5406806,1.521297889,194.8069316,1.521193381,273.1139313,114.0404267,251.8621357,114.0404267,1.420144397,1.419502171,251.8621357,224.0221213,262.7993817,1.419362604,7.9176038395,249.9798825,42.810650525,163.76623304999998,42.810650525,1.261301225,1.419502171,163.76623304999998,229.9999977,287.07758709999996,1.2610534,9.4383979475,161.97679705000002,160.56198,0.011803513499999994,0.0020066339999999993,1.6221652291082,276.23900222602043,135.57745104332048,1.5719779088156476,923.4840462220092,922.7088171054145,273.1197950105111,922.9444666097942,1.521284565936918,195.2549603398089,1.5211801420936695,273.0103927653069,114.2757230865931,252.06954822989124,114.25037064962422,1.4201511913002889,1.4195091933029322,252.00543546426016,224.14439313053873,263.0529834340427,1.4193696041315325,7.92783552316639,250.16307537708943,42.77379084016404,163.78249341293693,42.76440937447992,1.26127648543248,1.4195088182467266,163.72598507833573,227.63963409719486,284.9838607373786,1.2610210577300967,9.403045942493552,161.92180910631413,133.4824915780246,0.01163427018110015,0.0020484215572203596
1.622168383,276.2319733,135.5788464,1.571980399,923.2876913,922.5406806,273.1139313,922.5406806,1.521297889,194.8069316,1.521193381,273.1139313,114.04031095,251.8621892,114.04031095,1.420144397,1.419502171,251.8621892,224.0219866,262.79918015,1.419362604,7.917603783000001,249.979939,42.81066126,163.76626015,42.81066126,1.261301229,1.419502171,163.76626015,229.9999977,287.07765525,1.261053404,9.4384021515,161.97682165,160.56239755000001,0.011803524499999999,0.00200664,1.6221652287358526,276.2390334806014,135.57749761538844,1.5719779087045207,923.484096827887,922.7088772174865,273.1198289575473,922.9445283916476,1.5212845679300186,195.2551393649047,1.5211801443440656,273.01042166380955,114.27572220868079,252.06959492207523,114.25036479687553,1.4201511940433318,1.4195091962876727,252.00548110953417,224.1443636850902,263.0529533094889,1.4193696067353525,7.927837940418434,250.16311414234315,42.77390982910152,163.78256884450357,42.764526202787266,1.2612764931500564,1.4195088210743756,163.7260602576229,227.63979762253678,284.98393309086157,1.2610210655312413,9.403052910022813,161.9218891428665,133.48226727167693,0.011634308121413143,0.0020484200684407726
1.622168383,276.2319733,135.5788464,1.571980399,923.2876913,922.5406806,273.1139313,922.5406806,1.521297889,194.8069316,1.521193381,273.1139313,114.04019554999999,251.86224255,114.04019554999999,1.420144397,1.419502171,251.86224255,224.0218523,262.79897904999996,1.419362604,7.917603725999999,249.9799954,42.810671965,163.76628714999998,42.810671965,1.2613012335,1.419502171,163.76628714999998,229.9999977,287.07772320000004,1.261053408,9.438406344499999,161.97684615,160.56281410000003,0.011803534499999997,0.0020066465000000006,1.622165228402407,276.2390647351823,135.5775427089781,1.5719779085711685,923.4841437127444,922.708933989999,273.11986394910775,922.9445876688314,1.5212845696241541,195.25531175944135,1.5211801460751393,273.0104509104869,114.27571723384438,252.06964559251705,114.25035601775252,1.4201511970126053,1.4195091991153215,252.00552968615608,224.1443268782796,263.05291530187424,1.4193696092102706,7.927840512906847,250.1631575425729,42.77402279914333,163.7826430146728,42.7646380925136,1.2612765009984392,1.4195088238496605,163.72613341867415,227.63996610319208,284.98402473860665,1.2610210733323859,9.40306004888476,161.92196669381167,133.48204890721925,0.011634347958874943,0.0020484183669797103
1.622168383,276.2319733,135.5788464,1.571980399,923.2876913,922.5406806,273.1139313,922.5406806,1.521297889,194.8069316,1.521193381,273.1139313,114.04008045,251.86229575,114.04008045,1.420144397,1.41950217,251.86229575,224.02171835000001,262.79877855,1.419362604,7.9176036695,249.9800516,42.81068263,163.76631405,42.81068263,1.261301238,1.41950217,163.76631405,229.9999977,287.07779100000005,1.2610534125,9.438410526,161.97687059999998,160.56322945,0.011803545499999998,0.002006652499999999,1.6221652280522891,276.2390954630007,135.57759149876358,1.571977908515605,923.4841950628264,922.7089924322912,273.1198977220566,922.9446511204648,1.5212845713681171,195.25548857435078,1.5211801478309426,273.0104812016885,114.27571021054591,252.06969626295887,114.25034489753004,1.4201511998687635,1.4195092021000622,252.00557910030594,224.1442897368616,263.05286912966096,1.4193696118140908,7.9278429745121395,250.16320262824843,42.77413036761211,163.78271440976764,42.7647439633443,1.2612765087160156,1.4195088266249456,163.72620405693056,227.6401246732206,284.9841115627862,1.2610210810056428,9.403066959303125,161.9220430019532,133.4818379701241,0.011634388067477686,0.002048416665520063
1.622168383,276.2319733,135.5788464,1.571980399,923.2876913,922.5406806,273.1139313,922.5406806,1.521297889,194.8069316,1.521193381,273.1139313,114.0399656,251.86234885,114.0399656,1.420144397,1.41950217,251.86234885,224.02158475,262.79857860000004,1.419362604,7.917603613,249.9801076,42.81069326,163.76634095,42.81069326,1.261301242,1.41950217,163.76634095,229.9999977,287.0778586,1.2610534165,9.438414695999999,161.97689495,160.5636438,0.011803555499999998,0.0020066585,1.6221652277299583,276.23912320583094,135.57763289615733,1.57197790837114,923.4842412034798,922.7090458652441,273.11992836143287,922.9447103976485,1.521284572813115,195.25564991795562,1.5211801494630979,273.01050835931744,114.27570026087307,252.06974693340067,114.25033114357065,1.420151202809758,1.4195092048229832,252.00562935198377,224.1442492493699,263.05282014206875,1.4193696142890089,7.927845325234311,250.16324687120104,42.7742326888385,163.78278353434712,42.76484474126333,1.2612765164335922,1.4195088293216849,163.72627267695106,227.64028324324914,284.9842128576623,1.2610210886788997,9.403073869721489,161.92211483600178,133.48162851850145,0.011634430344262698,0.0020484139006511494
1.622168383,276.2319733,135.5788464,1.571980399,923.2876913,922.5406806,273.1139313,922.5406806,1.521297889,194.8069316,1.521193381,273.1139313,114.03985109999999,251.86240175,114.03985109999999,1.420144397,1.41950217,251.86240175,224.02145155,262.79837915,1.419362603,7.917603557,249.9801635,42.810703860000004,163.76636775,42.810703860000004,1.261301246,1.41950217,163.76636775,229.9999978,287.07792605,1.261053421,9.4384188545,161.97691925,160.564057,0.011803566499999998,0.002006664999999999,1.6221652274076277,276.23915252894903,135.57767725050778,1.5719779083489147,923.4842858557249,922.709099298197,273.1199607416828,922.9447688399423,1.5212845744075956,195.25580684118773,1.521180151119983,273.01053690964534,114.27568650691356,252.06979906951642,114.2503132926872,1.4201512053831282,1.4195092075982683,252.00567918489762,224.1442064196266,263.05276439756733,1.4193696166608054,7.927847631603234,250.16329153551513,42.77432821951594,163.7828506406907,42.76493903729476,1.261276523954959,1.41950883196606,163.7263402878536,227.6404319026509,284.98429485827637,1.2610210959684938,9.403080608807166,161.92218667005034,133.48142797971383,0.011634474789253613,0.0020484104977406855
1.622168383,276.2319733,135.5788464,1.571980399,923.2876913,922.5406806,273.1139313,922.5406806,1.521297889,194.8069316,1.521193381,273.1139313,114.03973690000001,251.86245455,114.03973690000001,1.420144397,1.41950217,251.86245455,224.0213187,262.79818025,1.419362603,7.917603501,249.98021925,42.810714430000004,163.76639445,42.810714430000004,1.2613012504999999,1.41950217,163.76639445,229.9999978,287.07799324999996,1.261053425,9.438423002,161.9769435,160.5644691,0.011803576499999998,0.0020066709999999994,1.6221652271075266,276.2391790426666,135.57772604029327,1.5719779082711258,923.4843364616028,922.7091577404892,273.11999103288434,922.9448306217959,1.521284575902421,195.25596376441985,1.5211801526037605,273.01056197822595,114.27566894866739,252.06984973995824,114.25029222279196,1.420151207871662,1.419509210111734,252.00572901781146,224.1441595745949,263.0527018961566,1.4193696189552607,7.927849716205913,250.16333872799794,42.774419737596254,163.7829167379163,42.76502916639845,1.2612765312801162,1.41950883440098,163.72640588052025,227.64056569611245,284.98438650602145,1.2610211033859755,9.403087233671053,161.92225576993096,133.48123783923367,0.011634518150383986,0.00204840698849519
1.622168383,276.2319733,135.5788464,1.571980399,923.2876913,922.5406806,273.1139313,922.5406806,1.521297889,194.8069316,1.521193381,273.1139313,114.0396231,251.86250719999998,114.0396231,1.420144397,1.41950217,251.86250719999998,224.0211862,262.79798189999997,1.419362603,7.917603445,249.98027485,42.810724965000006,163.76642105000002,42.810724965000006,1.2613012545,1.41950217,163.76642105000002,229.9999978,287.07806035,1.261053429,9.4384271385,161.9769677,160.5648802,0.011803587500000004,0.002006677000000001,1.6221652267851958,276.2392041516839,135.57777113388292,1.5719779082600132,923.4843840906642,922.7092145130017,273.1200188868628,922.9448873943098,1.5212845771481087,195.25611184690646,1.5211801540380787,273.0105856541076,114.27564787877198,252.0698995728721,114.25026764124753,1.4201512102753595,1.419509212468108,252.00577675690542,224.14411038731163,263.0526351716776,1.4193696210176925,7.927851645572224,250.16338297095058,42.77450508245025,163.7829795555086,42.76511281361455,1.2612765384090638,1.4195088366526263,163.72646844583306,227.64070444488743,284.98448297733205,1.261021110547682,9.403093744313148,161.92232089284005,133.48105364064355,0.011634562053693127,0.0020484033729152125
1.622168383,276.2319733,135.5788464,1.571980399,923.2876913,922.5406806,273.1139313,922.5406806,1.521297889,194.8069316,1.521193381,273.1139313,114.03950954999999,251.86255970000002,114.03950954999999,1.420144397,1.41950217,251.86255970000002,224.02105410000001,262.79778415,1.419362603,7.917603389,249.98033025,42.810735460000004,163.76644765,42.810735460000004,1.261301259,1.41950217,163.76644765,229.9999978,287.07812715,1.261053433,9.438431263,161.9769918,160.56529015,0.011803597500000004,0.0020066834999999993,1.6221652264906523,276.2392278560009,135.57781918442925,1.5719779081988934,923.4844317197258,922.7092696157343,273.1200449999676,922.9449491761634,1.5212845780948316,195.25624887846126,1.521180155126182,273.0106068927662,114.27562300458989,252.06994940578593,114.25023954805388,1.4201512122831539,1.4195092146673904,252.00582617105528,224.14405785395465,263.052560001062,1.4193696228738812,7.927853486232037,250.16342679254174,42.77458440840857,163.78303985030604,42.76519121358831,1.2612765456034147,1.419508838747181,163.7265300020279,227.6408283277222,284.98456497794604,1.261021117581501,9.403100197844347,161.92238551862766,133.4808694420534,0.011634606499187189,0.0020483995446610136
1.622168383,276.2319733,135.5788464,1.571980399,923.2876913,922.5406806,273.1139313,922.5406806,1.521297889,194.8069316,1.521193381,273.1139313,114.03939625000001,251.862612,114.03939625000001,1.420144397,1.41950217,251.862612,224.0209223,262.79758685,1.419362603,7.9176033335,249.98038555,42.810745925000006,163.76647415000002,42.810745925000006,1.261301263,1.41950217,163.76647415000002,229.9999978,287.07819385,1.261053437,9.4384353765,161.9770158,160.56569910000002,0.011803607499999997,0.0020066895,1.6221652262627977,276.2392510335553,135.57786206030133,1.5719779081488863,923.4844763719709,922.7093213789075,273.1200725057713,922.9450026091178,1.5212845786429343,195.25638148964333,1.5211801559669895,273.0106291759489,114.27559374084626,252.07000049499172,114.25020735793618,1.4201512144323423,1.4195092167095813,252.00587516644117,224.14400097070185,263.05247919968866,1.4193696247816305,7.927855127302231,250.16347482774745,42.774657252479244,163.78309863142655,42.76526313167447,1.2612765523399434,1.4195088408155538,163.7265890354279,227.6409422999302,284.9846518021256,1.261021124487432,9.403106422931966,161.92244691312592,133.48069415629828,0.01163465067384038,0.00204839507837349
1.622168383,276.2319733,135.5788464,1.571980399,923.2876913,922.5406806,273.1139313,922.5406806,1.521297889,194.8069316,1.521193381,273.1139313,114.03928335,251.86266419999998,114.03928335,1.420144397,1.41950217,251.86266419999998,224.0207909,262.79739014999996,1.419362603,7.917603278,249.98044065,42.81075636,163.76650055,42.81075636,1.261301267,1.41950217,163.76650055,229.9999978,287.0782604,1.2610534415,9.438439478500001,161.9770398,160.56610690000002,0.011803617499999999,0.0020066954999999995,1.6221652259849264,276.23927315758453,135.57790493617344,1.571977908048872,923.4845180473998,922.7093748118604,273.1200968780024,922.9450593816317,1.521284579689312,195.25650968045267,1.5211801570303634,273.01065006643273,114.27555979490366,252.07005137481553,114.25017048561952,1.4201512161007912,1.4195092186470444,252.00592458059103,224.14394074137536,263.0523936121713,1.4193696263800153,7.927856724019177,250.16351864933864,42.77472407765425,163.78315287151628,42.76532918519567,1.2612765588802624,1.4195088425959255,163.72664453691507,227.64105627213823,284.9847482734362,1.2610211312654758,9.403112419576,161.92250557345625,133.48052035601566,0.011634692680568007,0.002048391462814533
1.622168383,276.2319733,135.5788464,1.571980399,923.2876913,922.5406806,273.1139313,922.5406806,1.521297889,194.8069316,1.521193381,273.1139313,114.03917075000001,251.8627163,114.03917075000001,1.420144397,1.41950217,251.8627163,224.02065985000002,262.797194,1.419362603,7.9176032225,249.98049565,42.81076676,163.7665269,42.81076676,1.2613012715,1.41950217,163.7665269,229.9999978,287.0783267,1.2610534455,9.438443569499999,161.97706369999997,160.5665137,0.011803628500000002,0.0020067015000000007,1.6221652257459571,276.2392938769135,135.5779463335672,1.5719779080877665,923.4845612112367,922.7094265750335,273.1201207279715,922.9451161541458,1.5212845803370696,195.2566312407029,1.5211801577227928,273.0106688678682,114.27552292258669,252.07010183587533,114.25013068692853,1.4201512179954703,1.4195092205845075,252.00597273844895,224.14387649676044,263.0522998600552,1.4193696280815213,7.927858165499754,250.16356415637563,42.77478503826424,163.7832053456496,42.76538906549059,1.2612765654205813,1.4195088444810247,163.72669902928428,227.64115537840604,284.9848302740502,1.2610211379156318,9.403118244887349,161.92256224530078,133.48035695404053,0.011634733332384304,0.0020483883789604667
1.622168383,276.2319733,135.5788464,1.571980399,923.2876913,922.5406806,273.1139313,922.5406806,1.521297889,194.8069316,1.521193381,273.1139313,114.03905839999999,251.8627682,114.03905839999999,1.420144397,1.41950217,251.8627682,224.02052915000002,262.79699830000004,1.419362603,7.917603167499999,249.9805505,42.810777125,163.7665532,42.810777125,1.2613012755000002,1.41950217,163.7665532,229.9999978,287.07839285,1.2610534494999999,9.438447649499999,161.9770876,160.56691935,0.011803638500000005,0.0020067075000000005,1.6221652255125452,276.23931266477956,135.57799068791766,1.5719779080599847,923.4846051192778,922.7094783382066,273.1201431852416,922.9451695871002,1.5212845810844824,195.25674838058038,1.521180158637789,273.0106862766047,114.27548400180765,252.07015062187924,114.25008913241292,1.4201512194942465,1.4195092221554235,252.00601964001493,224.14381091371607,263.052206389477,1.4193696294736629,7.9278595626270825,250.16360755660534,42.7748424492691,163.78325731522395,42.76544555051105,1.2612765718954972,1.4195088460519407,163.7267515034176,227.64126439530065,284.98493156892636,1.2610211444379,9.40312418442049,161.9226154372952,133.48019355206543,0.011634775068396812,0.0020483848697528655
1.622168383,276.2319733,135.5788464,1.571980399,923.2876913,922.5406806,273.1139313,922.5406806,1.521297889,194.8069316,1.521193381,273.1139313,114.0389464,251.86282,114.0389464,1.420144397,1.41950217,251.86282,224.0203988,262.79680315,1.419362603,7.9176031125,249.98060515,42.810787465000004,163.7665794,42.810787465000004,1.26130128,1.41950217,163.7665794,229.9999978,287.0784588,1.2610534535,9.438451718,161.97711135,160.56732399999999,0.011803648499999998,0.0020067134999999995,1.6221652252735759,276.23932952118275,135.5780320853114,1.5719779079933085,923.4846467947067,922.7095301013798,273.1201654684243,922.9452238549445,1.5212845817820675,195.25685667971237,1.5211801593302186,273.01070368534124,114.27544595894095,252.07019898911915,114.25004845580963,1.4201512211061378,1.4195092239357952,252.00606570405293,224.14374733831588,263.05211376351247,1.4193696310204866,7.927860893224538,250.16365222091943,42.774897082322106,163.78330474376753,42.765499566241004,1.2612765778471875,1.4195088477275843,163.72680145475607,227.64135359094172,284.9850087459748,1.2610211505765057,9.403129609955569,161.92266763504676,133.48003460650781,0.011634813010356286,0.0020483813605512748
1.622168383,276.2319733,135.5788464,1.571980399,923.2876913,922.5406806,273.1139313,922.5406806,1.521297889,194.8069316,1.521193381,273.1139313,114.0388347,251.86287165,114.0388347,1.420144397,1.41950217,251.86287165,224.0202688,262.7966086,1.419362603,7.9176030575,249.9806597,42.810797765000004,163.7666055,42.810797765000004,1.261301284,1.41950217,163.7666055,229.9999978,287.0785246,1.2610534575,9.4384557755,161.97713505000002,160.56772755,0.011803658500000003,0.002006719500000001,1.622165225040164,276.23935322549977,135.57807348270518,1.5719779080044212,923.4846892143396,922.7095818645529,273.1201907110923,922.9452772878989,1.5212845823799979,195.2569848705217,1.5211801601710258,273.01072422765037,114.27540586761218,252.07025070647092,114.25000602338174,1.4201512229442594,1.4195092257161666,252.0061176307867,224.1436797476273,263.0520146621766,1.4193696325673106,7.927862401234987,250.16370067748662,42.774947702778,163.78335494738548,42.76554926071256,1.2612765840604905,1.4195088494294101,163.72685241521245,227.64145269720956,284.9850955701544,1.2610211568429988,9.403135492377812,161.92272032991977,133.4798860592577,0.011634851494470147,0.00204837848939081
1.622168383,276.2319733,135.5788464,1.571980399,923.2876913,922.5406806,273.1139313,922.5406806,1.521297889,194.8069316,1.521193381,273.1139313,114.03872325,251.86292315,114.03872325,1.420144397,1.41950217,251.86292315,224.02013915,262.79641455,1.419362603,7.9176030025,249.9807141,42.810808034999994,163.76663159999998,42.810808034999994,1.261301288,1.41950217,163.76663159999998,229.9999978,287.0785902,1.2610534615,9.438459821999999,161.97715870000002,160.5681301,0.0118036685,0.0020067254999999997,1.6221652248234244,276.239370081903,135.57811192314222,1.5719779079877523,923.4847264245439,922.7096286183867,273.12021194975085,922.9453240417339,1.5212845831274104,195.25709316965373,1.5211801609376443,273.01074128821216,114.27536577628341,252.07030074876675,114.24996359095384,1.420151224499593,1.4195092273918104,252.00616536988062,224.1436148337976,263.05192034698473,1.419369634088354,7.927863687479194,250.1637453418007,42.774996316935336,163.78340060997263,42.76559710321623,1.2612765899467775,1.4195088510265081,163.72689984375603,227.6415418928506,284.98517757076837,1.2610211631094919,9.403140917912893,161.9227690478212,133.4797360265351,0.011634889165662628,0.0020483756182343685
1.622168383,276.2319733,135.5788464,1.571980399,923.2876913,922.5406806,273.1139313,922.5406806,1.521297889,194.8069316,1.521193381,273.1139313,114.03861215,251.8629745,114.03861215,1.420144397,1.41950217,251.8629745,224.0200099,262.79622105,1.419362603,7.917602948,249.98076830000002,42.81081827,163.7666576,42.81081827,1.261301292,1.41950217,163.7666576,229.9999978,287.07865565,1.261053466,9.4384638575,161.97718229999998,160.56853155,0.011803679499999997,0.002006731500000001,1.6221652246289144,276.23938834300645,135.57815036357928,1.571977907921076,923.4847643789523,922.7096703628811,273.1202319697978,922.9453741351286,1.521284583476203,195.2571904178539,1.5211801613580478,273.0107580005992,114.27532480704232,252.0703503722986,114.24991998797621,1.4201512260832054,1.4195092289627265,252.00621310897458,224.14354791232375,263.05182068257307,1.419369635377374,7.927865062429897,250.1637908488377,42.77504138148753,163.78344551572135,42.76564093312282,1.2612765957676615,1.419508852649788,163.72694525406374,227.64163108849164,284.98527404207897,1.2610211689283786,9.40314611500439,161.92281677147977,133.4795919357025,0.011634925210874662,0.002048372428065265
1.622168383,276.2319733,135.5788464,1.571980399,923.2876913,922.5406806,273.1139313,922.5406806,1.521297889,194.8069316,1.521193381,273.1139313,114.0385014,251.86302569999998,114.0385014,1.420144397,1.41950217,251.86302569999998,224.01988095,262.79602805,1.419362603,7.9176028935,249.98082240000002,42.81082847,163.7666835,42.81082847,1.261301296,1.41950217,163.7666835,229.9999978,287.07872084999997,1.26105347,9.438467882000001,161.97720579999998,160.56893195,0.011803689500000002,0.0020067375000000004,1.6221652244010598,276.23940572617227,135.5781902824947,1.571977907904407,923.4848075427892,922.709723795834,273.12025390480585,922.945427568083,1.5212845841737883,195.25730313735866,1.5211801622235848,273.01077436481154,114.2752835451638,252.0704033459423,114.24987609236115,1.4201512278647694,1.4195092307954618,252.00626461694435,224.14347931781305,263.05172045508556,1.419369637001539,7.927866393027353,250.1638397267663,42.7750828964346,163.7834878986752,42.76568183074693,1.261276601457739,1.4195088543254317,163.72699015981243,227.6417153288193,284.9853512191275,1.261021174747265,9.403151369206782,161.92286300377398,133.47945230128738,0.01163496152721626,0.002048369663256061
1.622168383,276.2319733,135.5788464,1.571980399,923.2876913,922.5406806,273.1139313,922.5406806,1.521297889,194.8069316,1.521193381,273.1139313,114.0383909,251.86307675,114.0383909,1.420144397,1.41950217,251.86307675,224.01975240000002,262.79583555,1.419362603,7.917602839000001,249.9808764,42.810838645000004,163.7667093,42.810838645000004,1.2613013005,1.41950217,163.7667093,229.9999978,287.07878595,1.261053474,9.438471895,161.97722925,160.5693313,0.0118036995,0.0020067435000000002,1.62216522420655,276.2394245140384,135.57822724445342,1.571977907871069,923.4848440087894,922.7097672101082,273.12027479528973,922.9454734870282,1.5212845849212009,195.25740701611795,1.521180162990203,273.0107910771986,114.27524140537298,252.0704521319462,114.24983219674608,1.4201512293352667,1.4195092324187417,252.0063140310942,224.14341273094655,263.0516210722118,1.4193696384194607,7.927867812331305,250.1638860765262,42.775121942091126,163.78353078618798,42.76572010474986,1.261276606951607,1.4195088559487117,163.72703355188423,227.64179956914694,284.9854428668725,1.26102118037432,9.403156623409176,161.9229079932646,133.4793156378173,0.011634998385708719,0.002048366579434812
1.622168383,276.2319733,135.5788464,1.571980399,923.2876913,922.5406806,273.1139313,922.5406806,1.521297889,194.8069316,1.521193381,273.1139313,114.0382807,251.86312775,114.0382807,1.420144397,1.41950217,251.86312775,224.0196242,262.7956436,1.419362603,7.917602785,249.98093015,42.810848785000005,163.7667351,42.810848785000005,1.2613013044999999,1.41950217,163.7667351,229.9999978,287.07885085,1.261053478,9.4384758975,161.97725265,160.56972960000002,0.011803709499999999,0.0020067495,1.6221652239953679,276.2394420727917,135.57826420641211,1.5719779079266325,923.4848812189938,922.7098122941622,273.1202958598609,922.945521910643,1.5212845856187862,195.2575108948772,1.5211801638062807,273.0108095304593,114.27519897294472,252.07050489620795,114.24978713058128,1.4201512310037157,1.4195092341467492,252.00636386400805,224.14334380182845,263.05151915549703,1.4193696399147238,7.927869209458633,250.16393495445482,42.775157901134484,163.78357115090594,42.765755446470315,1.2612766123800718,1.4195088576505375,163.72707442116112,227.6418788541612,284.98552486748656,1.2610211859374314,9.4031614778353,161.92295074570873,133.4791834307647,0.011635031992083014,0.002048364346325773
1.622168383,276.2319733,135.5788464,1.571980399,923.2876913,922.5406806,273.1139313,922.5406806,1.521297889,194.8069316,1.521193381,273.1139313,114.0381708,251.86317855,114.0381708,1.420144397,1.41950217,251.86317855,224.01949630000001,262.79545214999996,1.419362603,7.917602731000001,249.9809838,42.810858894999996,163.7667608,42.810858894999996,1.2613013085,1.41950217,163.7667608,229.9999978,287.07891555000003,1.261053482,9.438479889,161.97727600000002,160.57012685,0.011803719499999997,0.0020067555000000004,1.6221652238564321,276.23945805125726,135.57830338608835,1.5719779078488436,923.4849214060145,922.709859047996,273.1203150094711,922.9455720040378,1.5212845859675788,195.25760593289104,1.521180164251414,273.01082345744857,114.27515536996671,252.07055745108767,114.24974206441648,1.420151232615607,1.4195092356653016,252.0064162095058,224.14327420349562,263.0514169572443,1.4193696413326455,7.927870562232712,250.16398298966055,42.775190619234024,163.78360848827003,42.76578723858566,1.261276617612327,1.4195088591690896,163.72711478587908,227.64196309448886,284.9856116916661,1.261021191372655,9.403166389372318,161.92299250391,133.4790556801296,0.011635067224676424,0.0020483610498359243
1.622168383,276.2319733,135.5788464,1.571980399,923.2876913,922.5406806,273.1139313,922.5406806,1.521297889,194.8069316,1.521193381,273.1139313,114.0380612,251.8632292,114.0380612,1.420144397,1.41950217,251.8632292,224.01936875,262.79526125,1.419362603,7.917602677,249.9810373,42.81086897,163.76678644999998,42.81086897,1.2613013125,1.41950217,163.76678644999998,229.9999978,287.07898009999997,1.2610534855,9.4384838695,161.97729925,160.5705231,0.011803729499999999,0.0020067609999999997,1.6221652236563648,276.2394766635358,135.57833813032954,1.571977907837731,923.4849571278105,922.7099024622702,273.12033624812966,922.9456195927628,1.521284586764819,195.2577098116503,1.521180165116951,273.01083982166085,114.27511176698872,252.0706125185513,114.24969582770196,1.4201512344254497,1.4195092376027647,252.00646771747557,224.14320527437755,263.05131166207497,1.4193696430083715,7.927872048066538,250.16403439575788,42.7752202507204,163.78364708703157,42.76581656141049,1.2612766229753885,1.4195088610280069,163.727155150597,227.64203246887635,284.9856936922801,1.2610211966799911,9.403171358020233,161.9230320250647,133.47893684232952,0.011635101102270694,0.0020483588167329123
1.622168383,276.2319733,135.5788464,1.571980399,923.2876913,922.5406806,273.1139313,922.5406806,1.521297889,194.8069316,1.521193381,273.1139313,114.03795195000001,251.8632797,114.03795195000001,1.420144397,1.41950217,251.8632797,224.01924155,262.79507090000004,1.419362603,7.9176026230000005,249.98109065,42.81087901,163.76681200000002,42.81087901,1.2613013165,1.41950217,163.76681200000002,229.9999978,287.0790445,1.2610534895,9.438487839,161.97732245,160.57091825,0.011803739499999999,0.002006767,1.6221652234618549,276.2394940467016,135.57836991761403,1.5719779078099492,923.4849913611985,922.709942536985,273.1203555718272,922.9456630070382,1.521284587063784,195.25780484966413,1.5211801656362731,273.0108558376985,114.27506699346097,252.07066465466704,114.24964900571256,1.4201512361221773,1.4195092392784083,252.00652048173728,224.14313433761524,263.05120467767824,1.419369644477854,7.92787346737049,250.16408453777086,42.77524679559362,163.78368391983668,42.76584218029956,1.261276628273047,1.4195088626512868,163.72719198340212,227.64210679857723,284.9857853400252,1.261021201987327,9.403176155335462,161.92307030341587,133.47881651905692,0.011635134708941673,0.002048356689970403
1.622168383,276.2319733,135.5788464,1.571980399,923.2876913,922.5406806,273.1139313,922.5406806,1.521297889,194.8069316,1.521193381,273.1139313,114.03784295,251.86333009999998,114.03784295,1.420144397,1.41950217,251.86333009999998,224.01911475,262.79488100000003,1.419362602,7.9176025695,249.98114385,42.81088903,163.7668375,42.81088903,1.2613013204999999,1.41950217,163.7668375,229.9999979,287.0791087,1.2610534935,9.438491798000001,161.97734559999998,160.5713124,0.011803749500000002,0.0020067730000000003,1.6221652233118042,276.2395094984046,135.57840761881192,1.5719779078099492,923.4850285714028,922.7099892908187,273.1203733287384,922.9457097608733,1.5212845877115417,195.2579020978643,1.521180166303973,273.0108708092119,114.27502192729577,252.0707165814008,114.24960218372314,1.4201512375926746,1.4195092407445968,252.0065711521791,224.1430647392824,263.0511010717361,1.4193696458184348,7.927874731438073,250.16413215161512,42.77527056251498,163.78371822984693,42.765865329898105,1.2612766328512701,1.419508864169839,163.72722780708932,227.6421761729647,284.98586251707366,1.2610212067831126,9.40318055287442,161.92310709040268,133.47870065220184,0.011635165876505545,0.002048353818844517
1.622168383,276.2319733,135.5788464,1.571980399,923.2876913,922.5406806,273.1139313,922.5406806,1.521297889,194.8069316,1.521193381,273.1139313,114.03773419999999,251.86338030000002,114.03773419999999,1.420144397,1.41950217,251.86338030000002,224.0189883,262.79469165,1.419362602,7.9176025160000005,249.98119695,42.810899004999996,163.76686295,42.810899004999996,1.2613013245,1.41950217,163.76686295,229.9999979,287.07917269999996,1.2610534975,9.438495746000001,161.97736865000002,160.5717055,0.011803758999999997,0.0020067785000000005,1.6221652231228518,276.23952424775734,135.57844014533558,1.5719779077877238,923.4850613163826,922.7100276957536,273.1203924783486,922.9457531751488,1.5212845880105068,195.25799050531901,1.5211801666749174,273.01088612890004,114.27497627585572,252.07077102071844,114.249554191184,1.4201512392611235,1.4195092424202405,252.00662349767683,224.1429931333054,263.0509918350363,1.4193696474168194,7.9278761729186495,250.16418440043537,42.775290934161866,163.78375127845973,42.765886010206145,1.2612766378873157,1.4195088658454829,163.72726211709957,227.6422455473522,284.9859493412532,1.261021211962561,9.403185178856962,161.92314238602515,133.47859221270926,0.01163519894131675,0.00204835137307379
1.622168383,276.2319733,135.5788464,1.571980399,923.2876913,922.5406806,273.1139313,922.5406806,1.521297889,194.8069316,1.521193381,273.1139313,114.0376258,251.86343045,114.0376258,1.420144397,1.419502169,251.86343045,224.0188621,262.79450280000003,1.419362602,7.9176024625,249.98124985,42.810908955,163.76688825,42.810908955,1.2613013285,1.419502169,163.76688825,229.9999979,287.0792365,1.2610535015,9.4384996835,161.97739165000002,160.5720976,0.011803768499999995,0.0020067845000000003,1.6221652229894736,276.2395404018105,135.57847267185926,1.5719779078321745,923.4850955497706,922.7100677704683,273.1204105834346,922.9457957545343,1.5212845886582644,195.25807670258735,1.5211801675157246,273.0108993595398,114.27492886859103,252.07082483189012,114.24950619864487,1.4201512409012935,1.4195092440435204,252.00667626193857,224.14292152732835,263.0508825983365,1.4193696488605216,7.927877503516105,250.1642349638098,42.77530929951019,163.78378256111614,42.765903140909074,1.2612766424001358,1.4195088674687628,163.72729592255084,227.64230501111288,284.9860361654328,1.2610212165665153,9.40318946217413,161.92317594172258,133.4784867441617,0.01163523038007685,0.002048349246319008
1.622168383,276.2319733,135.5788464,1.571980399,923.2876913,922.5406806,273.1139313,922.5406806,1.521297889,194.8069316,1.521193381,273.1139313,114.0375177,251.86348040000001,114.0375177,1.420144397,1.419502169,251.86348040000001,224.0187363,262.7943145,1.419362602,7.917602409500001,249.98130265,42.810918875,163.76691355,42.810918875,1.2613013325,1.419502169,163.76691355,229.9999979,287.07930020000003,1.2610535055,9.43850361,161.97741465000001,160.57248865,0.011803778500000002,0.0020067905,1.622165222800521,276.23955655586354,135.57850371990457,1.5719779077766112,923.4851282947503,922.7101061754031,273.12042851443323,922.9458408385896,1.5212845894056772,195.25816732022844,1.5211801681092356,273.01091467922794,114.27488292451355,252.07087738676984,114.24945762083087,1.4201512424000697,1.4195092457191643,252.00672735114435,224.14284925213656,263.0507739247125,1.4193696502526632,7.927878811936935,250.16428552718426,42.77532396092272,163.78381233009563,42.76591780232149,1.261276647239972,1.4195088690658606,163.72732670064826,227.64236447487357,284.98611334248125,1.2610212214262446,9.403193916823986,161.9232085031771,133.47838424655913,0.011635262360971694,0.0020483465878786376
1.622168383,276.2319733,135.5788464,1.571980399,923.2876913,922.5406806,273.1139313,922.5406806,1.521297889,194.8069316,1.521193381,273.1139313,114.0374099,251.8635303,114.0374099,1.420144397,1.419502169,251.8635303,224.01861085000002,262.7941267,1.419362602,7.9176023565,249.98135525,42.810928759999996,163.76693875,42.810928759999996,1.2613013364999999,1.419502169,163.76693875,229.9999979,287.07936370000004,1.2610535095,9.4385075255,161.97743755,160.57287865,0.0118037885,0.0020067965000000005,1.6221652226282408,276.2395730610917,135.5785377249066,1.5719779078155056,923.4851625281383,922.7101462501179,273.1204466195192,922.945884252865,1.521284589854125,195.25825572768312,1.5211801687274762,273.01092930256664,114.27483668779861,252.07093245423349,114.24940933565429,1.4201512440967974,1.4195092474471718,252.0067796966421,224.14277731155215,263.0506641249369,1.4193696518510477,7.92788018688764,250.1643377760045,42.775337850681964,163.7838438650315,42.765931074757994,1.2612766518181953,1.4195088707415044,163.72735848786363,227.64242889394768,284.9862001666608,1.2610212261580864,9.403198257252049,161.92324007038877,133.47828323442906,0.011635292173749432,0.0020483446738037057
1.622168383,276.2319733,135.5788464,1.571980399,923.2876913,922.5406806,273.1139313,922.5406806,1.521297889,194.8069316,1.521193381,273.1139313,114.03730235,251.86357995,114.03730235,1.420144397,1.419502169,251.86357995,224.01848575000002,262.79393934999996,1.419362602,7.9176023035,249.98140775,42.810938615,163.76696395,42.810938615,1.2613013405,1.419502169,163.76696395,229.9999979,287.07942705,1.261053513,9.438511431,161.97746035,160.57326765,0.011803798499999999,0.0020068020000000002,1.6221652225170924,276.2395878104445,135.57857025143025,1.5719779078210618,923.485195273118,922.7101863248325,273.1204642023431,922.9459259973605,1.52128459015309,195.25834413513783,1.5211801691726095,273.01094427408003,114.27478928053394,252.0709845903492,114.24936105047773,1.420151245765246,1.4195092490180878,252.00683204213985,224.14270537096775,263.05055263593397,1.4193696531400675,7.927881473131846,250.16438833937895,42.77534819083606,163.78387085893664,42.76594064325872,1.2612766562656121,1.4195088722338747,163.7273882568431,227.642483402395,284.9862869908403,1.2610212307620405,9.403202426347425,161.92326964911464,133.47818667871647,0.011635321986603567,0.002048342759730564
1.622168383,276.2319733,135.5788464,1.571980399,923.2876913,922.5406806,273.1139313,922.5406806,1.521297889,194.8069316,1.521193381,273.1139313,114.03719515,251.86362954999998,114.03719515,1.420144397,1.419502169,251.86362954999998,224.018361,262.7937526,1.419362602,7.9176022505,249.9814601,42.810948440000004,163.76698905,42.810948440000004,1.2613013445,1.419502169,163.76698905,229.9999979,287.07949014999997,1.261053517,9.4385153255,161.9774831,160.5736556,0.011803808499999999,0.0020068075000000004,1.6221652223837142,276.2396004527469,135.57859908175806,1.5719779077654985,923.4852280180978,922.7102247297674,273.12048091473014,922.9459644022966,1.5212845907011927,195.25842370184708,1.5211801697661205,273.0109554156714,114.27474011744464,252.0710386109029,114.24930983892682,1.4201512472357434,1.4195092503795486,252.00688396887358,224.14263309577598,263.05044283615837,1.4193696545064287,7.927882803729301,250.16443890275337,42.77535513571568,163.78389760056228,42.76594758813829,1.261276660386013,1.4195088737786088,163.72741550302774,227.64254286615568,284.98636416788884,1.2610212351741634,9.403206424110115,161.9232967422333,133.4780975503664,0.011635352883642102,0.0020483399949614055
1.622168383,276.2319733,135.5788464,1.571980399,923.2876913,922.5406806,273.1139313,922.5406806,1.521297889,194.8069316,1.521193381,273.1139313,114.0370882,251.86367895,114.0370882,1.420144397,1.419502169,251.86367895,224.01823654999998,262.7935663,1.419362602,7.9176021975,249.98151230000002,42.81095823,163.76701405,42.81095823,1.2613013485,1.419502169,163.76701405,229.9999979,287.07955315,1.261053521,9.438519209,161.97750580000002,160.57404255,0.011803817499999996,0.0020068134999999994,1.6221652222169913,276.2396166068,135.578628651325,1.5719779078043927,923.4852562978531,922.7102597951427,273.1204986716414,922.9460061467921,1.5212845910499853,195.2585098991154,1.521180170260713,273.01097073535954,114.27469271017996,252.07109242207457,114.24926096847538,1.4201512487627983,1.4195092520551922,252.00693757066327,224.14255948215472,263.05033134715546,1.4193696558727897,7.927884245209878,250.16449073021218,42.77536161760332,163.78392484674688,42.76595345270326,1.2612766648988332,1.4195088753495249,163.72744426288926,227.6425924192896,284.9864413449373,1.2610212393944547,9.403210536094598,161.92332582383773,133.47800545107134,0.011635381612541006,0.0020483375492071827
1.622168383,276.2319733,135.5788464,1.571980399,923.2876913,922.5406806,273.1139313,922.5406806,1.521297889,194.8069316,1.521193381,273.1139313,114.03698155000001,251.86372825,114.03698155000001,1.420144397,1.419502169,251.86372825,224.01811245,262.79338055,1.419362602,7.9176021455,249.98156440000002,42.810967995,163.76703895,42.810967995,1.2613013524999999,1.419502169,163.76703895,229.9999979,287.07961595,1.261053525,9.4385230825,161.97752845,160.5744285,0.011803827499999999,0.0020068194999999993,1.6221652220502685,276.23963135615276,135.5786574816528,1.5719779077988365,923.485289042833,922.7102965302978,273.12051590629056,922.9460470563978,1.5212845916977429,195.258591676011,1.5211801709036834,273.01098466234873,114.27464442500298,252.0711445581903,114.24921063483677,1.420151250318132,1.4195092535737444,252.00698949739703,224.14248687235556,263.05022098430413,1.4193696573680528,7.92788539839434,250.16454045086368,42.77536593886175,163.7839500746956,42.765957156639026,1.2612766690846373,1.419508876894259,163.7274710045149,227.6426518830503,284.98652816911687,1.2610212438065773,9.403214476746392,161.92335217127425,133.47791632272128,0.011635410341510855,0.0020483359541516545
1.622168358,276.23209155,135.5788319,1.571980311,923.2876789,922.5406723000001,273.11404995,922.5406723000001,1.521298096,194.80727044999998,1.521193588,273.11404995,114.03687415,251.86393155000002,114.03687415,1.4201458235,1.4195035945,251.86393155000002,224.0179028,262.79306845,1.4193640275,7.9175994485,249.9817756,42.810975465,163.76551030000002,42.810975465,1.2612043605,1.4195035945,163.76551030000002,225.14266185000002,282.7715501,1.260957958,9.3603236515,161.95966744999998,160.56727905,0.011626822500000002,0.0019545505,1.6221652987371966,276.2260647609679,135.55899963353178,1.5719755197262912,923.4530970066818,922.6815646296575,273.10429253063586,922.9060950694326,1.5212914000794304,195.1436597747046,1.5211872403864626,272.9957572405106,114.27366643069092,251.99835311841602,114.24796048771972,1.4201477581981305,1.4195067181152492,251.93418235397343,224.18580480778357,263.20352230482507,1.4193669081980504,7.925979517129246,250.08198436533786,42.777729975884256,163.76650545271968,42.769366012190964,1.2611954515341757,1.4195061536589326,163.71250881269233,223.18294911569006,281.19325694185636,1.2609404161798812,9.329645191953167,161.89801438842892,133.21395677211598,0.011288720961467283,0.001938221588367323
1.6221683900000001,276.2319544,135.57884925000002,1.5719804124999999,923.287694,922.5406834,273.11391249999997,922.5406834,1.521297835,194.8068779,1.521193327,273.11391249999997,114.0367694,251.86380345,114.0367694,1.4201442924999998,1.419502065,251.86380345,224.0178822,262.79303355,1.4193624974999999,7.9176010355,249.98164515,42.810986385,163.76708474999998,42.810986385,1.261219526,1.419502065,163.76708474999998,225.00071785,282.63569815,1.2609731640000001,9.3581957005,161.9638732,160.5511731,0.011497361499999996,0.0018883845000000007,1.6221653771080249,276.23791393448806,135.56446408950768,1.5719776187188854,923.4541158220756,922.6851830424364,273.11129153906825,922.9126790112797,1.521283326676817,195.171967841702,1.5211788658224257,273.0079903596665,114.27731035204748,252.03933608365205,114.25155583123096,1.4201517928185177,1.419510310067148,251.9766278524163,224.1700287395337,263.11789706136886,1.419370599744694,7.927597900637498,250.13553140022694,42.77315036793246,163.78536637173633,42.766201770730376,1.2611987639441333,1.4195102813717482,163.729330808894,222.96951385729022,280.96451864084577,1.2609448609139595,9.327845970299004,161.91273092307668,133.2404991947651,0.011279630401922076,0.0019298052974982475
1.6221683825,276.23197270000003,135.57884669999999,1.571980399,923.2876916,922.54068105,273.11393069999997,922.54068105,1.5212978955,194.8069306,1.5211933874999999,273.11393069999997,114.0366633,251.86387424999998,114.0366633,1.4201443865,1.4195021589999999,251.86387424999998,224.01774269999999,262.792827,1.4193625920000001,7.917601980500001,249.9817185,42.810996025,163.76707714999998,42.810996025,1.2612196249999998,1.4195021589999999,163.76707714999998,225.00000135,282.63509265,1.260973263,9.358184978,161.96388085,160.5351452,0.011474913500000001,0.0018595589999999996,1.6221653481371607,276.2385314758432,135.56476569909074,1.5719776640642154,923.4574595310343,922.6883472751158,273.11029906699895,922.9157088267708,1.5212836078534786,195.17923493447898,1.52117913826871,273.00744720708695,114.27530520033409,252.03767400940782,114.24994515479551,1.420151779697157,1.4195102760306337,251.9759310291504,224.1687746311134,263.1175518959205,1.4193705614865844,7.927592289951562,250.1341682959244,42.769564032096916,163.78510702842357,42.76260957035792,1.2611986601492708,1.4195102764757266,163.72848113158136,222.9607479079006,280.95981566445374,1.260944626623848,9.327703992612607,161.91152440933368,133.26526944872046,0.011283767755221323,0.001927768037839579
1.622168383,276.23197355,135.5788463,1.571980398,923.2876912,922.5406805,273.11393154999996,922.5406805,1.52129789,194.8069324,1.5211933815,273.11393154999996,114.03655785,251.8639243,114.03655785,1.420144397,1.419502169,251.8639243,224.01761935000002,262.79264235,1.419362602,7.9176019475,249.98177135,42.811005735,163.76710885,42.811005735,1.2612195805000002,1.419502169,163.76710885,224.9999969,282.63514929999997,1.2609732180000002,9.3581901435,161.96391004999998,160.51925119999999,0.011471380000000003,0.0018471715,1.6221653174935111,276.2398729645988,135.56614216243315,1.5719776997692871,923.4611455738726,922.6917486165236,273.1103425888403,922.9187302933628,1.5212837307779556,195.1888315636875,1.5211792505164805,273.0080095092767,114.27465964214966,252.03996108889507,114.2496806105554,1.420151968373271,1.4195104057882988,251.9794984795123,224.16698180482845,263.11399213088845,1.4193707199586862,7.9277689711170005,250.1370563073276,42.76639639533711,163.78632478150794,42.75944671787324,1.2611987654484067,1.4195104337506044,163.7290876114684,222.95206619883865,280.95539727842805,1.2609446250891965,9.327752879539219,161.91174662261886,133.28456128009188,0.011283725701316012,0.0019267157063440185
1.622168383,276.2319733,135.5788464,1.571980399,923.2876913,922.5406806,273.1139313,922.5406806,1.521297889,194.8069317,1.521193381,273.1139313,114.03645265,251.86397265,114.03645265,1.420144397,1.419502169,251.86397265,224.01749705,262.79245935,1.419362602,7.9176018809999995,249.98182244999998,42.811015405,163.76714125,42.811015405,1.26121957,1.419502169,163.76714125,224.99999705,282.6352131,1.260973208,9.358195125,161.96393995,160.50347725,0.011471003,0.0018418565000000002,1.6221652810423506,276.24078637094783,135.56787789601424,1.5719777487317974,923.465281860183,922.6953686990823,273.1103239614922,922.9221249557455,1.5212837731811701,195.19849449848707,1.5211792851379562,273.00846701087255,114.27467954149533,252.04454362314914,114.25010113054772,1.420152310490122,1.4195106723727515,251.98539383884972,224.16470379785795,263.1091660084446,1.4193710348920192,7.9280410339433605,250.14239579966804,42.763730333216486,163.7877362852384,42.75682340536546,1.2611989902391705,1.4195107164107648,163.7301164072169,222.94545085546096,280.9538585610239,1.2609447593711929,9.327840373431238,161.91219477760004,133.29907434642735,0.011282359560320239,0.0019259482810361176
1.622168383,276.2319733,135.5788464,1.571980399,923.2876913,922.5406806,273.1139313,922.5406806,1.521297889,194.8069316,1.521193381,273.1139313,114.03634775,251.86402114999999,114.03634775,1.420144397,1.419502169,251.86402114999999,224.01737500000002,262.7922766,1.419362602,7.917601829500001,249.9818737,42.811025029999996,163.7671714,42.811025029999996,1.261219569,1.419502169,163.7671714,224.99999735,282.63527680000004,1.260973207,9.358199736500001,161.96396775,160.48781485,0.011471094500000003,0.0018395859999999994,1.6221652477978254,276.2417348948036,135.5702708132212,1.5719777935326056,923.469363075391,922.6991090057851,273.1103955113993,922.9254954063208,1.521283868451377,195.20795851651354,1.5211793640749207,273.0089126745276,114.27330502345713,252.04428587391828,114.2491199172323,1.4201524385365014,1.4195107655804369,251.9864361424007,224.16310236698826,263.1082087796318,1.4193711671196767,7.928095366672785,250.14291365289458,42.76076116568314,163.78836874991265,42.7538668929692,1.2611990491020415,1.4195108098279055,163.73043730672455,222.94148660474775,280.9524790212822,1.2609447371187479,9.327821241281221,161.91198822364032,133.31004456084776,0.01128122009713443,0.0019250879163207996
1.622168383,276.2319733,135.5788464,1.571980399,923.2876913,922.5406806,273.1139313,922.5406806,1.521297889,194.8069316,1.521193381,273.1139313,114.03624310000001,251.86406955,114.03624310000001,1.420144397,1.419502169,251.86406955,224.0172532,262.7920943,1.419362602,7.9176017795,249.98192475000002,42.81103462,163.7671999,42.81103462,1.261219571,1.419502169,163.7671999,224.99999755,282.6353402,1.260973209,9.3582040895,161.96399385,160.4722579,0.011471254999999996,0.0018386250000000002,1.6221652160482478,276.24314345799695,135.5727805302177,1.57197783701656,923.4726033399818,922.7019142358122,273.11120641034665,922.9282129729847,1.521284034127861,195.2177916356634,1.5211795122301073,273.01001534389906,114.27238409344515,252.04662508952126,114.24845065542128,1.4201526984751767,1.419510981895576,251.98972678977057,224.16086183604313,263.10590805202645,1.4193714134255921,7.928247232195683,250.1457738544418,42.757636124185,163.78825648554087,42.750750185350974,1.261199060613003,1.4195110162200917,163.73001953189387,222.93949952407775,280.9530626727114,1.26094467183212,9.327783262535664,161.91116871894098,133.3170426218003,0.011281385648523405,0.0019240479352562456
1.622168383,276.2319733,135.5788464,1.571980399,923.2876913,922.5406806,273.1139313,922.5406806,1.521297889,194.8069316,1.521193381,273.1139313,114.0361388,251.8641178,114.0361388,1.420144397,1.419502169,251.8641178,224.01713180000002,262.79191255,1.419362602,7.9176017285,249.98197575,42.81104417,163.76722715,42.81104417,1.2612195745,1.419502169,163.76722715,224.9999977,282.63540335,1.260973212,9.358208265,161.96401875,160.45680095,0.011471407500000001,0.0018382275,1.6221651843264575,276.2447960878618,135.5751157867691,1.5719778811450504,923.4749193030976,922.7039046133076,273.11240604638056,922.9301565967003,1.521284242357042,195.2266633237433,1.5211796999774243,273.0113801888426,114.27100460057054,252.04968457917312,114.24728186151083,1.4201529808672142,1.4195112246544688,251.99363218266592,224.15791996805186,263.10216472429266,1.4193716873423128,7.928410385620326,250.1492652554466,42.754109668644844,163.78786065902557,42.74726015187345,1.261199062771308,1.4195112413323607,163.72935704596065,222.9380575278808,280.9543071526182,1.2609446067373238,9.327753621980861,161.91013843474968,133.32088553916057,0.011279744432103299,0.0019238525706534214
1.622168383,276.2319733,135.5788464,1.571980399,923.2876913,922.5406806,273.1139313,922.5406806,1.521297889,194.8069316,1.521193381,273.1139313,114.0360347,251.8641659,114.0360347,1.420144397,1.419502169,251.8641659,224.01701075,262.79173125,1.419362602,7.9176016775,249.98202655,42.811053685,163.76725349999998,42.811053685,1.261219578,1.419502169,163.76725349999998,224.9999978,282.63546625,1.2609732155,9.358212316,161.96404280000002,160.44143945,0.011471547500000004,0.0018380715000000003,1.6221651532270989,276.24648207935803,135.5768529988285,1.571977927723889,923.4767827901292,922.7055376579304,273.1138159799517,922.9317286944048,1.5212844613489662,195.23488521703115,1.5211798851281306,273.0129427970331,114.26963037516977,252.05369152233408,114.24617481409891,1.4201532985794656,1.4195115028637002,251.99837719734498,224.15465085405336,263.09739181250933,1.4193719983054645,7.928605029851412,250.15365247090185,42.75021837542867,163.78717925213084,42.743476272824985,1.2611990345171302,1.4195114955327586,163.7285880980839,222.93499514420483,280.9537186776235,1.2609445375501238,9.327673723837952,161.9090315938561,133.32112172928825,0.011276723809778972,0.0019238765407026228
1.622168383,276.2319733,135.5788464,1.571980399,923.2876913,922.5406806,273.1139313,922.5406806,1.521297889,194.8069316,1.521193381,273.1139313,114.03593095,251.8642139,114.03593095,1.420144397,1.419502169,251.8642139,224.01688995,262.79155049999997,1.419362602,7.9176016265,249.9820772,42.811063175,163.76727925,42.811063175,1.261219582,1.419502169,163.76727925,224.9999979,282.6355289,1.260973219,9.358216276,161.96406625,160.4261694,0.011471675000000004,0.0018380185000000002,1.6221651225389897,276.2477053977036,135.57836991761403,1.5719779799979807,923.4786552076097,922.7074311881987,273.11501787912135,922.9335612777619,1.5212845981753198,195.24132791029297,1.5211799818209666,273.01413599183445,114.2695935028528,252.05985049359808,114.24645369757327,1.4201536891661695,1.4195118541728915,252.00490489029505,224.15194053436167,263.0908615412408,1.419372378824128,7.928874032303624,250.1598785077407,42.747457399953255,163.78805945526142,42.74091376659606,1.2611992498898346,1.4195118143239878,163.72959015220678,222.93033219430342,280.9535112643057,1.260944751314273,9.327790686952088,161.90967959165746,133.31586612757945,0.01127083201085295,0.001924447315831168
1.622168383,276.2319733,135.5788464,1.571980399,923.2876913,922.5406806,273.1139313,922.5406806,1.521297889,194.8069316,1.521193381,273.1139313,114.03582745,251.8642617,114.03582745,1.420144397,1.419502169,251.8642617,224.0167695,262.79137019999996,1.419362601,7.9176015755,249.98212775000002,42.811072625,163.76730455,42.811072625,1.261219586,1.419502169,163.76730455,224.9999979,282.6355913,1.260973223,9.3582201705,161.96408915,160.4109869,0.011471792500000003,0.0018380100000000002,1.6221650949852693,276.24802566936467,135.58008273478072,1.571978027232468,923.4806660470502,922.7096152601484,273.1155881893299,922.9361419224803,1.521284576600006,195.2439469811387,1.5211799422288361,273.01431286459757,114.27080151018976,252.06628605847214,114.2478943516597,1.4201540232235639,1.4195121661568177,252.01115033632135,224.15063757326544,263.08433999764685,1.4193727135825864,7.929118108230174,250.16594147769703,42.74622121138097,163.7904387031045,42.73990104882479,1.2611997380592443,1.4195120826626302,163.73234554876518,222.92509442804857,280.95595681202957,1.2609452508432994,9.328157681567047,161.9117861437736,133.30628780089253,0.011262098195779727,0.001925599370651338
1.622168383,276.2319733,135.5788464,1.571980399,923.2876913,922.5406806,273.1139313,922.5406806,1.521297889,194.8069316,1.521193381,273.1139313,114.03572424999999,251.8643094,114.03572424999999,1.420144397,1.419502169,251.8643094,224.0166494,262.79119045,1.419362601,7.9176015245,249.98217814999998,42.811082049999996,163.76732945,42.811082049999996,1.2612195895,1.419502169,163.76732945,224.99999795000002,282.6356535,1.260973227,9.3582240145,161.9641118,160.39588865,0.011471901500000003,0.001838018,1.622165070849366,276.2481749187681,135.5823204117611,1.5719780491744737,923.4828934498798,922.7121483160716,273.1161466615976,922.9394222049451,1.5212845272209397,195.24552505420522,1.5211798892579782,273.0143462893717,114.2726304941665,252.07018558867173,114.24979649497917,1.42015417949218,1.4195123226724198,252.01432289224832,224.1513047803599,263.0807070327644,1.4193728716679823,7.929248595487291,250.1690043541035,42.74448236785489,163.79289439163222,42.7383503343832,1.2612002535671873,1.4195121865001805,163.73520135255947,222.91923724761978,280.95813706364925,1.260945779594646,9.328589040161317,161.9139918716177,133.29361226404092,0.011253320819852388,0.0019266095846311006
1.622168383,276.2319733,135.5788464,1.571980399,923.2876913,922.5406806,273.1139313,922.5406806,1.521297889,194.8069316,1.521193381,273.1139313,114.0356213,251.864357,114.0356213,1.420144397,1.419502169,251.864357,224.01652965,262.79101115000003,1.419362601,7.9176014745,249.9822284,42.811091435,163.76735409999998,42.811091435,1.261219593,1.419502169,163.76735409999998,224.999998,282.6357154,1.2609732304999999,9.3582278205,161.9641342,160.38087155,0.011472002000000002,0.001838034,1.622165045268532,276.2494902449812,135.5841330262163,1.571978055158657,923.4851223411176,922.7145611478509,273.11775279162936,922.9425647305743,1.5212845713681171,195.2503344197413,1.5211799477435426,273.0153023771816,114.27541962157167,252.07272455469408,114.25254640894426,1.4201543050500256,1.4195124474031535,252.01606578794105,224.1536256170737,263.0807309634847,1.4193729870868208,7.929360143907293,250.17030762507957,42.741812756129136,163.79441866429346,42.73574230061046,1.261200666261316,1.4195122632917931,163.73694611749244,222.9158329473198,280.9597915466261,1.2609461929913632,9.328896982110253,161.91524784894426,133.27621292463587,0.0112489318152551,0.0019261968557567194
1.622168383,276.2319733,135.5788464,1.571980399,923.2876913,922.5406806,273.1139313,922.5406806,1.521297889,194.8069316,1.521193381,273.1139313,114.03551865,251.86440445,114.03551865,1.420144397,1.419502169,251.86440445,224.01641025,262.79083235,1.419362601,7.9176014235,249.9822785,42.81110079,163.76737855,42.81110079,1.261219597,1.419502169,163.76737855,224.999998,282.6357772,1.260973234,9.358231597,161.96415639999998,160.36593275,0.011472096000000005,0.0018380519999999997,1.6221650155307428,276.2512773748967,135.58526184443534,1.5719780505468908,923.4874033266415,922.7168220296703,273.1197560149413,922.9454617985695,1.5212846393826738,195.25646768691166,1.5211800295738733,273.01667766736705,114.27878670791351,252.0751713926404,114.25588218305172,1.4201544425132435,1.419512578627007,252.01758715748736,224.15659258061766,263.08137427755446,1.4193731014228825,7.929481472218591,250.17128349820618,42.739361830946066,163.7963576844315,42.73333813763563,1.2612011266997731,1.4195123542216503,163.7390829247484,222.91538696911456,280.96086720173935,1.2609466570315762,9.329250784108334,161.91705016273707,133.2524008004437,0.011247769004192274,0.0019247861250614397
1.622168383,276.2319733,135.5788464,1.571980399,923.2876913,922.5406806,273.1139313,922.5406806,1.521297889,194.8069316,1.521193381,273.1139313,114.03541630000001,251.86445175,114.03541630000001,1.420144396,1.419502169,251.86445175,224.01629105,262.790654,1.419362601,7.9176013735,249.9823285,42.811110115,163.7674028,42.811110115,1.261219601,1.419502169,163.7674028,224.999998,282.63583874999995,1.260973238,9.358235348000001,161.96417839999998,160.35106965,0.011472183000000006,0.0018380709999999993,1.6221649871823103,276.2530206079288,135.58543852259797,1.5719780433403117,923.4891499736315,922.7183548875066,273.1219099979115,922.9479848358839,1.5212847104367089,195.26245287159537,1.5211801026251872,273.01814139393406,114.28364361144344,252.07829620947345,114.26069577619971,1.4201546339606794,1.4195127548314235,252.01932795936017,224.1607105935122,263.0834511825404,1.4193732425189969,7.929652121342233,250.1723145696832,42.73870932092314,163.79886155834126,42.73280801182881,1.2612016983236531,1.4195124898964326,163.74180047938376,222.9176465920211,280.9624975668886,1.2609472454424955,9.329680943373797,161.9196520963715,133.22018981473047,0.0112461455144069,0.0019236839897441554
1.622168383,276.2319733,135.5788464,1.571980399,923.2876913,922.5406806,273.1139313,922.5406806,1.521297889,194.8069316,1.521193381,273.1139313,114.0353142,251.86449894999998,114.0353142,1.420144396,1.419502169,251.86449894999998,224.0161723,262.79047615,1.419362601,7.9176013224999995,249.9823783,42.811119415,163.767427,42.811119415,1.2612196045,1.419502169,163.767427,224.999998,282.63590005000003,1.2609732415,9.358239079,161.96420030000002,160.3362799,0.011472264500000003,0.0018380889999999998,1.6221649452737572,276.2548727052317,135.58610679481149,1.571978017514421,923.4913319800119,922.7196356085963,273.1244361796686,922.9512275483025,1.5212847599652577,195.26950336610832,1.521180145432169,273.02001527033354,114.29134348766681,252.08319030413008,114.2681372535029,1.4201549223761003,1.4195130123569268,252.02237991126034,224.16697176660736,263.0874135467496,1.41937343156665,7.9299224987451495,250.17461646730442,42.74145733262327,163.8042737101786,42.735717762035996,1.2612025981407404,1.4195127113955948,163.7473047132339,222.91751775387291,280.96653971480293,1.260948146730466,9.330410934841025,161.92476548753763,133.18015335988161,0.011241743596790586,0.001924764441882328
1.622168383,276.2319733,135.5788464,1.571980399,923.2876913,922.5406806,273.1139313,922.5406806,1.521297889,194.8069316,1.521193381,273.1139313,114.0352124,251.86454605,114.0352124,1.420144396,1.419502168,251.86454605,224.0160538,262.79029885,1.419362601,7.9176012725,249.982428,42.811128679999996,163.767451,42.811128679999996,1.261219608,1.419502168,163.767451,224.999998,282.63596114999996,1.260973245,9.3582427915,161.96422205,160.32156120000002,0.011472340499999999,0.0018381064999999995,1.6221649017313207,276.2568412170693,135.5863877056977,1.5719780043125458,923.4931954670434,922.7203335765436,273.1270885747655,922.9540085665999,1.5212847468606214,195.27412486580317,1.5211801498093127,273.0218275198058,114.2998814775077,252.0915438080413,114.27636563286548,1.4201554133808019,1.419513453928336,252.0288364143335,224.17289431704478,263.0906112540601,1.419373799865405,7.930380512565887,250.1802281591439,42.746159942109664,163.8101826003261,42.740514358855734,1.2612034669567156,1.4195131272694355,163.75332965194548,222.9154761647556,280.96610559390524,1.260949005943411,9.331103404449859,161.93037674582928,133.1372989636982,0.01123165426695871,0.0019275654909129984
1.622168383,276.2319733,135.5788464,1.571980399,923.2876913,922.5406806,273.1139313,922.5406806,1.521297889,194.8069316,1.521193381,273.1139313,114.03511085,251.86459295,114.03511085,1.420144396,1.419502168,251.86459295,224.0159357,262.79012194999996,1.419362601,7.9176012225,249.98247759999998,42.81113792,163.76747490000002,42.81113792,1.261219612,1.419502168,163.76747490000002,224.9999981,282.63602215000003,1.260973249,9.3582464885,161.96424374999998,160.3069117,0.011472411499999998,0.0018381230000000003,1.622164882647118,276.2582970133092,135.58638622721935,1.5719779912718044,923.4948275066041,922.7209814510974,273.12914994325735,922.9565683390705,1.5212847829855691,195.27714840075419,1.5211801821803925,273.0232477245315,114.30684215156703,252.09805726301602,114.28306878592328,1.4201557883010536,1.4195137883501798,252.03374684078545,224.17793283481237,263.09339594529166,1.4193740760250204,7.930749398533743,250.1844990788379,42.7499745329887,163.81566715637626,42.74447047091741,1.2612042458433046,1.4195134461130285,163.7589539708315,222.91117990804517,280.9659705340704,1.2609497856102592,9.331763891957173,161.93557340483719,133.10075188375436,0.011220957915941151,0.001930718186052819
1.622168383,276.2319733,135.5788464,1.571980399,923.2876913,922.5406806,273.1139313,922.5406806,1.521297889,194.8069316,1.521193381,273.1139313,114.03500955,251.86463974999998,114.03500955,1.420144396,1.419502168,251.86463974999998,224.01581785000002,262.78994554999997,1.419362601,7.9176011724999995,249.982527,42.81114712,163.76749869999998,42.81114712,1.261219616,1.419502168,163.76749869999998,224.9999981,282.63608285,1.2609732525,9.358250171,161.96426535,160.29232945,0.011472477999999998,0.0018381394999999999,1.622164859739406,276.2596665960701,135.58716834226567,1.5719779641151692,923.4966619696762,922.7223222842591,273.1312234978648,922.959765967434,1.5212848164696586,195.27897843506662,1.521180213587017,273.0245244812682,114.3133755749694,252.10383264647257,114.28931659513414,1.4201560995091824,1.4195140882642345,252.03788925409455,224.1828542400007,263.09580731728624,1.4193743119929965,7.931072489772514,250.18801786833717,42.753542040483936,163.82056894681114,42.748244472803826,1.2612050066786131,1.419513721599339,163.76438655730732,222.90849412818696,280.96743689799155,1.2609505577317381,9.332416783715376,161.94039945980907,133.07369103120234,0.011209874325631098,0.0019339782424392313
1.622168383,276.2319733,135.5788464,1.571980399,923.2876913,922.5406806,273.1139313,922.5406806,1.521297889,194.8069316,1.521193381,273.1139313,114.0349086,251.86468645000002,114.0349086,1.420144396,1.419502168,251.86468645000002,224.01570035,262.78976965,1.419362601,7.9176011225,249.9825763,42.8111563,163.76752245,42.8111563,1.2612196195,1.419502168,163.76752245,224.9999981,282.6361434,1.260973256,9.35825384,161.96428685,160.2778128,0.011472540499999998,0.0018381545000000004,1.6221648530093626,276.2602095127235,135.58807243177574,1.5719779629816748,923.4978110207851,922.7231287878919,273.131744541349,922.9609089317237,1.5212848884704164,195.2814582641712,1.521180279095795,273.0250282901032,114.31475945740556,252.1025217058272,114.29061327160315,1.420156091478005,1.419514086928956,252.03650230778644,224.18482039290296,263.09957091574785,1.419374303665928,7.931077679102589,250.1865629072378,42.75453006535781,163.8205893814496,42.749270000019635,1.2612049836566903,1.4195137165462257,163.7643608247996,222.90903921266002,280.96588853345634,1.2609505051059844,9.332391654921322,161.9402587744406,133.06283816910954,0.011206526533008729,0.001935213057493399
1.622168383,276.2319733,135.5788464,1.571980399,923.2876913,922.5406806,273.1139313,922.5406806,1.521297889,194.8069316,1.521193381,273.1139313,114.0348079,251.864733,114.0348079,1.420144396,1.419502168,251.864733,224.01558315,262.78959425,1.419362601,7.9176010725,249.98262545,42.811165445,163.7675461,42.811165445,1.261219623,1.419502168,163.7675461,224.9999981,282.6362038,1.2609732595,9.358257497499999,161.9643083,160.26336014999998,0.011472598999999998,0.0018381695000000001,1.6221648500472543,276.25994297084776,135.5887798836655,1.571977951282791,923.4984279659725,922.7238634909943,273.1315377255591,922.9615835227727,1.52128489300472,195.28167928280794,1.52118028866616,273.0248329640794,114.31424880507926,252.1005794784791,114.29003121574739,1.420156000674797,1.4195140052936854,252.034591068973,224.1850586333499,263.1014403273117,1.419374220859292,7.931005383307518,250.1846200095751,42.75294817611113,163.81869854669358,42.74764505253202,1.2612047400952109,1.419513631009847,163.76241373171797,222.90813734562278,280.9638867537613,1.260950255725134,9.332171606640676,161.93837766689902,133.06077781875055,0.011205413782467418,0.001935625306622322
1.622168383,276.2319733,135.5788464,1.571980399,923.2876913,922.5406806,273.1139313,922.5406806,1.521297889,194.8069316,1.521193381,273.1139313,114.03470745,251.86477945000001,114.03470745,1.420144396,1.419502168,251.86477945000001,224.0154663,262.78941925,1.419362601,7.9176010235,249.98267445,42.811174565,163.76756964999998,42.811174565,1.261219627,1.419502168,163.76756964999998,224.9999981,282.636264,1.260973263,9.358261142,161.96432965,160.24897015,0.011472654499999999,0.0018381834999999995,1.622164847607544,276.2596335856138,135.5894363280522,1.5719779417647723,923.4989838864248,922.7245531100426,273.1312926105488,922.962245590473,1.5212848913105848,195.2818737792083,1.5211802910402041,273.0245975979616,114.31384789179155,252.09889500036184,114.28956826332718,1.4201559175634213,1.4195139304657178,252.03293527618848,224.18529553536743,263.1029454288509,1.4193741463797245,7.930937678073668,250.1829788067132,42.75143758762855,163.8170854716529,42.74610143730065,1.2612045413349167,1.41951355199277,163.76075877828242,222.90719088076497,280.9625940381992,1.2609500532150948,9.331994791307979,161.93674909705067,133.05764495724577,0.0112048343502164,0.0019359114106972347
1.622168383,276.2319733,135.5788464,1.571980399,923.2876913,922.5406806,273.1139313,922.5406806,1.521297889,194.8069316,1.521193381,273.1139313,114.0346073,251.86482569999998,114.0346073,1.420144396,1.419502168,251.86482569999998,224.01534974999998,262.7892448,1.419362601,7.9176009735,249.98272335000001,42.811183655,163.76759315,42.811183655,1.2612196304999999,1.419502168,163.76759315,224.9999981,282.63632395,1.260973267,9.358264774999999,161.96435094999998,160.2346414,0.011472706499999995,0.0018381969999999997,1.6221648455123943,276.2593333309316,135.59004250417507,1.57197793469988,923.4994862241829,922.725204324156,273.131059159392,922.9628968046045,1.5212848864773159,195.28212132008147,1.521180289259671,273.0243653654164,114.3134788759844,252.09736274295201,114.28914569487283,1.4201558390049314,1.4195138596174044,252.03142437574175,224.18550499958062,263.10415378945805,1.4193740772624794,7.93087092643466,250.18152258152944,42.74991033143488,163.8156484876942,42.74454979687511,1.2612043718098485,1.4195134768506192,163.75929555725708,222.906115577759,280.96166791361736,1.2609498816538585,9.331845788981425,161.93528308591428,133.05356733523035,0.011204771710686671,0.0019360430709647678
1.622168383,276.2319733,135.5788464,1.571980399,923.2876913,922.5406806,273.1139313,922.5406806,1.521297889,194.8069316,1.521193381,273.1139313,114.0345074,251.8648719,114.0345074,1.420144396,1.419502168,251.8648719,224.0152335,262.7890708,1.419362601,7.9176009245,249.98277215000002,42.81119271,163.7676166,42.81119271,1.261219634,1.419502168,163.7676166,224.9999981,282.63638375,1.2609732705,9.358268397,161.9643722,160.22037275000002,0.011472756499999999,0.0018382100000000003,1.6221648434339166,276.25907591960754,135.5906006297516,1.571977929740842,923.4999468865121,922.7258238124537,273.1308654001545,922.9635363302772,1.521284880597669,195.28248821101852,1.5211802851545533,273.02416551312103,114.31314205029524,252.09596490878036,114.2887684852207,1.4201557661587578,1.419513793848386,252.0300474797692,224.18569572578116,263.10510932904356,1.4193740141005062,7.930806126338587,250.18022731642097,42.74836671619144,163.81436665562012,42.74298658165031,1.2612042279228306,1.4195134065521262,163.75800085892914,222.90499567693254,280.96102155583634,1.2609497370129654,9.331721287229074,161.93396223423932,133.04858803140675,0.01120513972293856,0.0019360440760394148
1.622168383,276.2319733,135.5788464,1.571980399,923.2876913,922.5406806,273.1139313,922.5406806,1.521297889,194.8069316,1.521193381,273.1139313,114.0344078,251.864918,114.0344078,1.420144396,1.419502168,251.864918,224.0151176,262.78889725,1.419362601,7.9176008755,249.9828208,42.81120174,163.76763995,42.81120174,1.261219638,1.419502168,163.76763995,224.9999981,282.6364434,1.260973274,9.358272008,161.96439335,160.206163,0.011472802999999998,0.0018382225000000006,1.6221648412831926,276.2588876897717,135.59110331239006,1.571977926243123,923.5003614081882,922.7264249331737,273.13072996018434,922.9641533139222,1.5212848775581909,195.28308717152416,1.5211802827805092,273.02401927973426,114.31288891891286,252.09465459628098,114.28848550482225,1.4201556997601494,1.4195137337346653,252.0287631306367,224.18592794329547,263.1059508457852,1.4193739569969264,7.930744142673795,250.17903233533846,42.74695443633814,163.81331792979213,42.74155609079052,1.261204116541198,1.4195133418303851,163.75694027596526,222.9040244355078,280.9606839062492,1.260949626070459,9.331628025136602,161.93286608145678,133.04268030727,0.011205748927230115,0.0019359962350649286
1.622168383,276.2319733,135.5788464,1.571980399,923.2876913,922.5406806,273.1139313,922.5406806,1.521297889,194.8069316,1.521193381,273.1139313,114.03430845,251.8649639,114.03430845,1.420144396,1.419502168,251.8649639,224.015002,262.78872425,1.419362601,7.917600826,249.9828693,42.81121074,163.76766325,42.81121074,1.2612196414999999,1.419502168,163.76766325,224.9999981,282.63650285,1.2609732775,9.358275608,161.96441445,160.19201114999998,0.011472847500000003,0.0018382345000000004,1.6221648391658132,276.25878971192805,135.59153724578533,1.5719779239816907,923.500723091374,922.7270076863163,273.1306746004022,922.9647485904295,1.5212848804481867,195.28394914420755,1.5211802842642868,273.0239482520892,114.31277040075118,252.09347766010978,114.28834942841556,1.420155642976331,1.4195136822348011,252.02761152968642,224.18622908992788,263.10670086271375,1.4193739089164854,7.9306886124066605,250.17796502677643,42.74580204931327,163.81255024331278,42.74038842503961,1.2612040417199488,1.4195132857486825,163.7561672916167,222.9033158256928,280.96053437571777,1.2609495537500122,9.331568115807144,161.9320622360829,133.03579068581,0.0112064568360296,0.0019359381440423615
1.622168383,276.2319733,135.5788464,1.571980399,923.2876913,922.5406806,273.1139313,922.5406806,1.521297889,194.8069316,1.521193381,273.1139313,114.03420935,251.8650097,114.03420935,1.420144396,1.419502168,251.8650097,224.01488675000002,262.7885516,1.419362601,7.917600777500001,249.98291765,42.811219715,163.76768644999999,42.811219715,1.261219645,1.419502168,163.76768644999999,224.9999981,282.63656215000003,1.260973281,9.3582791975,161.96443555000002,160.1779162,0.01147289,0.0018382465000000001,1.6221648371595823,276.25877232876223,135.59187507808795,1.5719779228704218,923.5010177961921,922.7275553740834,273.13069531679866,922.965294608432,1.5212848885700714,195.28501666422318,1.5211802890371044,273.02394372581773,114.31280200559429,252.09252664710687,114.28837664369689,1.4201555993987092,1.4195136427262625,252.02668480499443,224.18657975845096,263.107320809139,1.4193738725145646,7.930643771272417,250.1771075562183,42.744957243290216,163.81205905515137,42.73953034658666,1.2612040009737615,1.4195132413703042,163.7556793830886,222.90275587527958,280.9604475515382,1.2609495186448618,9.331538018365178,161.93154920675337,133.02813307506702,0.011207216478174188,0.0019358746278257772
1.622168383,276.2319733,135.5788464,1.571980399,923.2876913,922.5406806,273.1139313,922.5406806,1.521297889,194.8069316,1.521193381,273.1139313,114.03411055000001,251.86505535,114.03411055000001,1.420144396,1.419502168,251.86505535,224.01477175000002,262.7883795,1.419362601,7.9176007285,249.9829659,42.81122866,163.76770965,42.81122866,1.261219649,1.419502168,163.76770965,224.9999981,282.63662125,1.260973285,9.358282776500001,161.96445655000002,160.16387735,0.011472929999999996,0.0018382575000000006,1.6221648354201077,276.25881815710846,135.59207836886088,1.571977922778742,923.5012276617443,922.7280346008797,273.1307842754423,922.9657537978837,1.5212848996317796,195.28620132411623,1.5211802957882923,273.02399734472624,114.31296324882167,252.0917942289025,114.2885405206598,1.4201555680940843,1.419513614345046,252.02596453094554,224.18696723378466,263.10785854650146,1.4193738469404105,7.930609464034695,250.17643969831428,42.744403504888545,163.81180828934114,42.73896472472874,1.261203989135784,1.4195132076217911,163.75544072669376,222.90223061206007,280.96038484518635,1.2609495144245706,9.331532364386515,161.93128374390264,133.02000308406863,0.011207950064646994,0.001935831313373233
1.622168383,276.2319733,135.5788464,1.571980399,923.2876913,922.5406806,273.1139313,922.5406806,1.521297889,194.8069316,1.521193381,273.1139313,114.03401205,251.86510090000002,114.03401205,1.420144396,1.419502168,251.86510090000002,224.0146571,262.78820785,1.419362601,7.9176006795,249.983014,42.811237575,163.76773265,42.811237575,1.2612196525,1.419502168,163.76773265,224.9999981,282.63668015,1.260973288,9.3582863455,161.96447745,160.14989359999998,0.011472969,0.0018382685000000003,1.622164834186359,276.25889646914834,135.59215672821335,1.5719779234760634,923.5013616184798,922.7284303386872,273.13090509207376,922.9661153052157,1.521284911391073,195.2873550414002,1.5211803024405615,273.02407533586586,114.3131642907404,252.09123517898664,114.28875180488697,1.4201555455558852,1.4195135936875,252.02542558170083,224.1873259328846,263.10828113486855,1.4193738291519362,7.930583251264825,250.17593364320845,42.74400193651588,163.8116902225412,42.738550038253365,1.2612039934523946,1.419513181492221,163.75534183313482,222.90165084039324,280.9603655509242,1.2609495266378379,9.331540359911896,161.93115051535582,133.01185823834527,0.01120859780137207,0.0019358251830997708
1.622168383,276.2319733,135.5788464,1.571980399,923.2876913,922.5406806,273.1139313,922.5406806,1.521297889,194.8069316,1.521193381,273.1139313,114.0339138,251.8651463,114.0339138,1.420144396,1.419502168,251.8651463,224.01454274999998,262.7880367,1.419362601,7.9176006305,249.9830619,42.811246464999996,163.76775575,42.811246464999996,1.261219656,1.419502168,163.76775575,224.9999981,282.63673889999995,1.260973292,9.358289904,161.9644983,160.1359644,0.011473005500000006,0.0018382795,1.6221648337639947,276.2589816291021,135.59212198397216,1.5719779246206704,923.5014032939087,922.7287175408089,273.1310290422778,922.966349909281,1.5212849211572657,195.28834299470654,1.52118030716392,273.0241533270055,114.31333987320217,252.0907958955696,114.28894172658148,1.420155528164427,1.41951357784743,252.0250164492905,224.18761436443697,263.10857083735334,1.4193738167515653,7.930562471767899,250.17556115968344,42.74364388938883,163.81162841406683,42.73817964467655,1.2612040051595657,1.4195131604943099,163.75530247753483,222.90109088998003,280.96051990502116,1.26094954582098,9.331556293851762,161.9310620277389,133.00404316751712,0.011209093615475485,0.0019358755323142345
1.622168383,276.2319733,135.5788464,1.571980399,923.2876913,922.5406806,273.1139313,922.5406806,1.521297889,194.8069316,1.521193381,273.1139313,114.03381580000001,251.8651916,114.03381580000001,1.420144396,1.419502168,251.8651916,224.0144287,262.787866,1.419362601,7.9176005825,249.9831098,42.81125532,163.76777865,42.81125532,1.2612196595,1.419502168,163.76777865,224.9999981,282.6367975,1.2609732955,9.358293452,161.96451915,160.12208885,0.011473040999999996,0.001838289500000001,1.622164834069653,276.25905923879185,135.59203918918465,1.5719779259708622,923.5013921308473,922.7289212539418,273.1311338428717,922.9665010243551,1.5212849283324277,195.28913866179892,1.5211803092412084,273.0242149539328,114.31348033917159,252.0904022574266,114.28910004343315,1.4201555121586296,1.4195135633688203,252.02466971271346,224.1878532740987,263.1087729815556,1.4193738061042611,7.930543909933397,250.1752565153525,42.743378131995385,163.81162816178735,42.7378998431954,1.2612040231454429,1.4195131412505884,163.7553261918066,222.90065482240158,280.96087684887044,1.2609495690965262,9.331578852655513,161.93102822348078,132.99645388850917,0.011209400670908901,0.0019360008583007757
1.622168383,276.2319733,135.5788464,1.571980399,923.2876913,922.5406806,273.1139313,922.5406806,1.521297889,194.8069316,1.521193381,273.1139313,114.03371805,251.86523675,114.03371805,1.420144396,1.419502168,251.86523675,224.014315,262.7876957,1.4193626,7.9176005345,249.9831575,42.81126415,163.76780155,42.81126415,1.261219663,1.419502168,163.76780155,224.9999981,282.6368559,1.260973299,9.3582969905,161.96453985,160.10826635,0.011473075,0.0018383005000000001,1.6221648346476254,276.25913140526814,135.59195787287547,1.571977927062684,923.5013578974593,922.7290715341219,273.13122471647637,922.9666120647134,1.5212849339629366,195.28981276864107,1.521180309537964,273.0242699655402,114.31360500271944,252.09000840990163,114.28924314313826,1.4201554956720925,1.4195135490734843,252.02433679534784,224.18807277653298,263.1089531658027,1.419373795843663,7.930525791631381,250.17497293909418,42.743292632810736,163.81173411917194,42.7378018432282,1.2612040519228465,1.4195131229232345,163.75544930419633,222.90048634174624,280.9615135595204,1.260949602091531,9.331610948978826,161.93109831760427,132.9889983020263,0.011209573523841138,0.0019361852942139791
1.622168383,276.2319733,135.5788464,1.571980399,923.2876913,922.5406806,273.1139313,922.5406806,1.521297889,194.8069316,1.521193381,273.1139313,114.03362055,251.86528185,114.03362055,1.420144396,1.419502168,251.86528185,224.01420155,262.78752595000003,1.4193626,7.9176004854999995,249.98320504999998,42.81127296,163.7678244,42.81127296,1.261219667,1.419502168,163.7678244,224.9999981,282.63691415,1.2609733025,9.3583005185,161.96456055,160.0944963,0.011473107499999998,0.0018383104999999999,1.6221648351088918,276.25920761025765,135.59192682483015,1.5719779279850372,923.5013497112144,922.7292168049626,273.13131489373154,922.9667456470994,1.5212849391948255,195.29045814306042,1.5211803092164788,273.0243260216718,114.31376127111041,252.08966565158244,114.28941404339959,1.4201554817872046,1.419513537710525,252.02405245460412,224.18830499404731,263.1091437669516,1.4193737882126656,7.930510312347651,250.17473950484887,42.74339680600503,163.81193140173087,42.737894750283715,1.261204088614036,1.4195131079209862,163.75566020984758,222.9005111183132,280.96227085930866,1.2609496422482422,9.331649270389756,161.93126659321285,132.9816585823985,0.011209620001368248,0.001936415285785304
1.622168383,276.2319733,135.5788464,1.571980399,923.2876913,922.5406806,273.1139313,922.5406806,1.521297889,194.8069316,1.521193381,273.1139313,114.03352335,251.86532675,114.03352335,1.420144396,1.419502168,251.86532675,224.01408845,262.78735665,1.4193626,7.9176004375,249.9832525,42.81128173,163.76784715,42.81128173,1.2612196705,1.419502168,163.76784715,224.9999981,282.63697219999995,1.260973306,9.358304037,161.9645812,160.0807781,0.011473139499999998,0.0018383194999999992,1.6221648351311215,276.2592813570217,135.59195195896208,1.5719779288157107,923.5013936192555,922.7293854527202,273.13140385237523,922.9669251484305,1.521284943978267,195.2911035174798,1.521180308548779,273.024385211376,114.31393568302244,252.08938424218658,114.28960074608233,1.4201554710978206,1.4195135298297628,252.0238171092463,224.18853553852477,263.109345629616,1.4193737834690723,7.930498026497814,250.17455157764056,42.743596355546096,163.8121582009898,42.73808581163709,1.2612041266132894,1.419513096558027,163.75590138903726,222.9006250905212,280.963037806228,1.2609496836838296,9.331687363357103,161.93147289861182,132.9748729440136,0.01120958031268139,0.0019366637033464045
1.622168383,276.2319733,135.5788464,1.571980399,923.2876913,922.5406806,273.1139313,922.5406806,1.521297889,194.8069316,1.521193381,273.1139313,114.03342645000001,251.86537155,114.03342645000001,1.420144396,1.419502168,251.86537155,224.01397565000002,262.78718779999997,1.4193626,7.9176003895000004,249.98329984999998,42.811290475,163.76786985,42.811290475,1.261219674,1.419502168,163.76786985,224.9999981,282.6370302,1.2609733095,9.358307545,161.96460174999999,160.06711124999998,0.011473169499999998,0.0018383294999999998,1.6221648349310542,276.2593366670947,135.59203031831456,1.571977929482472,923.501484412154,922.7295741378351,273.13147783950546,922.9671363755782,1.5212849465692977,195.29164722332624,1.5211803064220313,273.0244262959942,114.3140653214067,252.08921799288575,114.2897382856762,1.4201554639715643,1.4195135251693785,252.02368436106403,224.18868577723362,263.1094317802091,1.4193737813292995,7.9304896659104696,250.17446182765093,42.74369574448998,163.81229594558977,42.73817902735392,1.2612041527745654,1.419513088965266,163.75605578408337,222.90065482240158,280.96360698696054,1.2609497129061498,9.33171334881459,161.93160090738348,132.96899938574438,0.01120960590142393,0.001936845990324568
1.622168383,276.2319733,135.5788464,1.571980399,923.2876913,922.5406806,273.1139313,922.5406806,1.521297889,194.8069316,1.521193381,273.1139313,114.03332975000001,251.86541625,114.03332975000001,1.420144396,1.419502168,251.86541625,224.0138632,262.78701939999996,1.4193626,7.917600342,249.98334705000002,42.811299195000004,163.76789250000002,42.811299195000004,1.2612196775,1.419502168,163.76789250000002,224.9999982,282.6370879,1.260973313,9.3583110435,161.9646223,160.05349515,0.011473199000000003,0.0018383385000000003,1.6221648347254294,276.25937196018896,135.59211089538454,1.5719779303492618,923.5015848797057,922.7297461251522,273.13153285111287,922.9673367491572,1.52128494572223,195.29201632444966,1.521180301822321,273.0244538017979,114.3141218004319,252.08923202147915,114.28980061744959,1.4201554628404127,1.4195135259286547,252.02371074319487,224.1887102035716,263.10933211579743,1.4193737837268763,7.930487536954541,250.17453177365223,42.74355715555891,163.81226819484618,42.738039666770646,1.2612041592494811,1.4195130872634403,163.7560517476116,222.90044174392574,280.96390604802343,1.2609497226895525,9.331720373454745,161.93156958873257,132.96439887740857,0.011209746379438827,0.0019369348777872812
1.622168383,276.2319733,135.5788464,1.571980399,923.2876913,922.5406806,273.1139313,922.5406806,1.521297889,194.8069316,1.521193381,273.1139313,114.03323335,251.8654608,114.03323335,1.420144396,1.419502168,251.8654608,224.013751,262.78685145,1.4193626,7.9176002945,249.98339405000002,42.81130789,163.76791505,42.81130789,1.261219681,1.419502168,163.76791505,224.9999982,282.6371455,1.2609733164999999,9.3583145325,161.96464275,160.03992935,0.0114732275,0.0018383475000000003,1.6221648347754463,276.2593821442659,135.59218186234526,1.5719779313244004,923.5016697189715,922.7298813773142,273.13156227187756,922.9674945433505,1.5212849420349939,195.29221303103637,1.521180295664644,273.0244572835452,114.31410365691086,252.08934131887844,114.28978569294047,1.420155464424025,1.4195135286515759,252.0238171092463,224.18863658995033,263.10910238088235,1.4193737873876928,7.9304884240195115,250.17468135696828,42.74321531315097,163.8121127906821,42.73769813302669,1.2612041506816631,1.4195130879965345,163.75591703036545,222.90007009542137,280.9639976957685,1.2609497168706658,9.33171334881459,161.93141349259935,132.9608679092735,0.011209991306284845,0.0019369409110208179
1.622168383,276.2319733,135.5788464,1.571980399,923.2876913,922.5406806,273.1139313,922.5406806,1.521297889,194.8069316,1.521193381,273.1139313,114.0331372,251.86550525,114.0331372,1.420144396,1.419502168,251.86550525,224.01363909999998,262.78668395,1.4193626,7.9176002465,249.98344105,42.811316555000005,163.76793759999998,42.811316555000005,1.2612196844999999,1.419502168,163.76793759999998,224.9999982,282.63720294999996,1.26097332,9.3583180115,161.96466314999998,160.02641345,0.011473255499999998,0.0018383564999999997,1.6221648352144828,276.259367043738,135.59222843441324,1.5719779323773277,923.5017166038289,922.729958187184,273.1315615755281,922.9675805370115,1.521284935059142,195.29223513290006,1.521180287553327,273.02443743758556,114.31400298963278,252.08952683132242,114.28968824467502,1.4201554675346924,1.4195135321075911,252.02399215259072,224.18846426715513,263.1087462354564,1.4193737915898976,7.9304911739209185,250.17490046492415,42.742682100726846,163.81184133795398,42.73716630958265,1.2612041290986105,1.4195130900910893,163.75566374176037,222.8995894300224,280.96395428367873,1.260949697239917,9.331694273775469,161.93113933012336,132.95806036624649,0.01121035844546057,0.0019368662008033696
1.622168383,276.2319733,135.5788464,1.571980399,923.2876913,922.5406806,273.1139313,922.5406806,1.521297889,194.8069316,1.521193381,273.1139313,114.03304130000001,251.8655496,114.03304130000001,1.420144396,1.419502168,251.8655496,224.01352755,262.78651694999996,1.4193626,7.9176001995,249.98348785000002,42.81132519,163.76796000000002,42.81132519,1.261219688,1.419502168,163.76796000000002,224.9999982,282.6372602,1.260973323,9.358321481,161.9646835,160.012947,0.011473282000000001,0.0018383655000000006,1.622164835814685,276.25934421735866,135.59224026224004,1.5719779336608433,923.501735953135,922.7299932525593,273.1315506080241,922.9676314652961,1.5212849275351874,195.2921975597318,1.5211802789474171,273.0244095836071,114.3138926653193,252.08975170758072,114.2895805540994,1.4201554723420875,1.4195135367941574,252.02421032862532,224.18826885645143,263.1083470147339,1.4193737970553417,7.930495254419782,250.17516507991704,42.74209456391103,163.8115582803694,42.7365824767072,1.2612041073847515,1.4195130936518323,163.75539531638609,222.89907903274306,280.9639784015064,1.260949677225505,9.33167594117799,161.9308418029395,132.95552912110466,0.011210768684182843,0.0019367730935835456
1.622168383,276.2319733,135.5788464,1.571980399,923.2876913,922.5406806,273.1139313,922.5406806,1.521297889,194.8069316,1.521193381,273.1139313,114.0329457,251.8655938,114.0329457,1.420144396,1.419502168,251.8655938,224.01341625,262.7863504,1.4193626,7.9176001515,249.98353450000002,42.8113338,163.7679824,42.8113338,1.2612196915,1.419502168,163.7679824,224.9999982,282.63731729999995,1.260973327,9.3583249405,161.9647038,159.99952955,0.0114733085,0.0018383745,1.622164836414887,276.2593198106915,135.59223730528333,1.5719779348221194,923.501735208931,922.7300116201369,273.13153737738435,922.9676656957826,1.5212849202603702,195.29214672544535,1.5211802705888038,273.0243827741529,114.3137934612284,252.08995606440388,114.28948369110883,1.4201554764990703,1.4195135406952655,252.02440547264086,224.1880921837604,263.1079793262546,1.4193738017731545,7.9304985587367955,250.17540652002998,42.7415724632943,163.8113135692669,42.736064234360974,1.2612040901183095,1.4195130965842089,163.75516473293484,222.89860332265746,280.9640411078583,1.2609496614953284,9.331661777675887,161.93058180842465,132.9529443989528,0.01121118389970333,0.0019366859227382756
1.622168383,276.2319733,135.5788464,1.571980399,923.2876913,922.5406806,273.1139313,922.5406806,1.521297889,194.8069316,1.521193381,273.1139313,114.03285035,251.8656378,114.03285035,1.420144396,1.419502168,251.8656378,224.01330535,262.7861843,1.4193626,7.9176001045,249.98358105,42.81134238,163.76800475,42.81134238,1.261219695,1.419502168,163.76800475,224.9999982,282.63737425,1.26097333,9.3583283905,161.96472405,159.9861608,0.011473334000000002,0.0018383829999999999,1.6221648370373187,276.25929803783737,135.59222473821737,1.571977935897272,923.5017180922371,922.7300099503572,273.1315283248414,922.9676823935807,1.5212849136831386,195.29209147078615,1.5211802629473494,273.02435944644594,114.31369893933649,252.0901271294905,114.28939121767975,1.42015547955318,1.419513543680006,252.02456837182984,224.18793424908208,263.1076533053825,1.4193738054339708,7.93050082075247,250.17561425122662,42.74111456423138,163.81110165449772,42.73560973057609,1.2612040759912204,1.4195130987049456,163.75496745037591,222.89821680821294,280.964156873431,1.260949648642623,9.33165064105125,161.93035437536432,132.9503314528234,0.011211581633140778,0.0019366100159132155
1.622168383,276.2319733,135.5788464,1.571980399,923.2876913,922.5406806,273.1139313,922.5406806,1.521297889,194.8069316,1.521193381,273.1139313,114.03275525000001,251.8656818,114.03275525000001,1.420144396,1.419502167,251.8656818,224.01319465,262.78601860000003,1.4193626,7.9176000575,249.9836275,42.811350935,163.76802700000002,42.811350935,1.2612196985,1.419502167,163.76802700000002,224.9999982,282.63743105000003,1.2609733335,9.358331831,161.96474419999998,159.9728403,0.011473359,0.0018383915000000004,1.6221648375430446,276.25928205937186,135.5922099534339,1.5719779366557132,923.5016972545226,922.7300082805774,273.13152292813305,922.967699091379,1.5212849077536643,195.2920538976179,1.5211802559241359,273.0243396004863,114.31360968491842,252.09025987767276,114.28930371908706,1.4201554810802348,1.419513545198558,252.02469316349644,224.18779706006063,263.10736838904177,1.4193738074964026,7.930501774347313,250.1757806890008,42.740726731287296,163.81092379745928,42.735225601570804,1.2612040646110654,1.4195130995165854,163.75480245959133,222.89790957878265,280.96427746256927,1.2609496385395014,9.331642531304079,161.93016298360865,132.94770365196902,0.011211937594333938,0.0019365527107446934
1.622168383,276.2319733,135.5788464,1.571980399,923.2876913,922.5406806,273.1139313,922.5406806,1.521297889,194.8069316,1.521193381,273.1139313,114.03266035,251.86572565,114.03266035,1.420144396,1.419502167,251.86572565,224.0130843,262.78585335,1.4193626,7.9176000105,249.98367380000002,42.811359464999995,163.7680492,42.811359464999995,1.261219702,1.419502167,163.7680492,224.9999982,282.63748765,1.260973337,9.358335262,161.96476435,159.9595678,0.0114733835,0.0018383994999999998,1.6221648380487705,276.2592708217697,135.5921959078896,1.5719779371085554,923.5016719515837,922.7299999316784,273.13152223178355,922.9677116147277,1.5212849032193605,195.2920207448224,1.5211802499148368,273.02432636984656,114.31352247896241,252.0903497025469,114.28921739104409,1.4201554812216288,1.4195135455127412,252.02477859134876,224.18767593219295,263.1071296449143,1.419373808295595,7.930501530404446,250.1759024624609,42.74041344005112,163.81077722307725,42.734915242619564,1.2612040559124411,1.4195130990976745,163.75466824690417,222.89768163436665,280.96441734596965,1.260949631058076,9.331636648881833,161.93000564467184,132.9450743656421,0.011212245772359256,0.0019365140055815659
1.622168383,276.2319733,135.5788464,1.571980399,923.2876913,922.5406806,273.1139313,922.5406806,1.521297889,194.8069316,1.521193381,273.1139313,114.0325658,251.86576935,114.0325658,1.420144396,1.419502167,251.86576935,224.01297419999997,262.78568859999996,1.4193626,7.9175999635,249.98371989999998,42.811367965,163.7680713,42.811367965,1.2612197055,1.419502167,163.7680713,224.9999982,282.6375441,1.2609733405,9.358338684,161.96478439999998,159.94634295,0.011473407500000005,0.0018384085000000003,1.6221648384766922,276.2592627447431,135.59217890538858,1.5719779373641471,923.5016384623998,922.7299882432201,273.13152449491935,922.967717458957,1.5212848991335044,195.2919920123996,1.521180244548508,273.0243166209541,114.31343702883102,252.09040351371857,114.28913281882573,1.420155479694574,1.4195135445178277,252.0248288430266,224.18756952704948,263.10692665609844,1.4193738077542066,7.930500244160239,250.17598631339015,42.74016928894983,163.8106589039978,42.734672943488064,1.261204049699138,1.4195130973958487,163.75456027128368,222.8975428855917,280.9645717000666,1.2609496261344026,9.331632651119143,161.92988210999314,132.94247330329276,0.011212509819761166,0.0019364918886928186
1.622168383,276.2319733,135.5788464,1.571980399,923.2876913,922.5406806,273.1139313,922.5406806,1.521297889,194.8069316,1.521193381,273.1139313,114.03247145,251.86581295,114.03247145,1.420144396,1.419502167,251.86581295,224.01286449999998,262.7855243,1.4193626,7.917599917,249.983766,42.811376440000004,163.7680934,42.811376440000004,1.261219709,1.419502167,163.7680934,224.9999982,282.6376004,1.260973344,9.3583420955,161.9648044,159.93316529999998,0.011473430999999997,0.0018384165,1.6221648388545973,276.259254140954,135.59216781680095,1.571977937391929,923.5016109268486,922.7299849036605,273.1315255394435,922.9677299823057,1.5212848958448884,195.2919654901632,1.5211802397756904,273.0243061757122,114.31335450507399,252.09043868989303,114.28904970979455,1.4201554776585008,1.4195135430254575,252.02486150661719,224.18747048326816,263.10674590877557,1.4193738066714299,7.930498359147178,250.17604825352385,42.73997930790957,163.8105630377927,42.7344843514252,1.2612040453171243,1.4195130951180206,163.7544739916991,222.89744377932385,280.9647260541636,1.2609496228732684,9.33162973846347,161.92978343138665,132.93995691287594,0.01121273338997963,0.0019364826398869715
1.622168383,276.2319733,135.5788464,1.571980399,923.2876913,922.5406806,273.1139313,922.5406806,1.521297889,194.8069316,1.521193381,273.1139313,114.0323774,251.86585645,114.0323774,1.420144396,1.419502167,251.86585645,224.01275500000003,262.7853604,1.4193626,7.9175998705,249.9838119,42.811384884999995,163.7681154,42.811384884999995,1.2612197125,1.419502167,163.7681154,224.9999982,282.6376566,1.260973347,9.358345499,161.9648244,159.9200348,0.011473454000000003,0.0018384245,1.6221648392269448,276.25924799539035,135.592155249735,1.5719779373724816,923.5015856239097,922.7299798943211,273.1315297175403,922.967737496315,1.5212848931542027,195.291952229045,1.5211802356953021,273.0242995603923,114.3132667138431,252.09046318758598,114.28896279647672,1.4201554751134093,1.4195135411141764,252.02488537616415,224.18737210870157,263.10657388912716,1.4193738052019473,7.930496252367873,250.17609628872955,42.73982019300095,163.81048306519529,42.73432600817112,1.2612040419815616,1.419513092526009,163.75440234432475,222.89738431556316,280.96489970252264,1.260949621018898,9.331627625360333,161.92970190346995,132.9375667876217,0.011212925099768446,0.0019364824388264654
1.622168383,276.2319733,135.5788464,1.571980399,923.2876913,922.5406806,273.1139313,922.5406806,1.521297889,194.8069316,1.521193381,273.1139313,114.03228354999999,251.86589980000002,114.03228354999999,1.420144396,1.419502167,251.86589980000002,224.01264585,262.78519700000004,1.4193626,7.9175998235,249.9838577,42.81139331,163.7681374,42.81139331,1.261219716,1.419502167,163.7681374,224.9999982,282.6377126,1.2609733505,9.358348892,161.9648443,159.906951,0.011473476499999998,0.0018384325000000003,1.6221648395381607,276.25924237658927,135.5921463788649,1.5719779372835803,923.5015640419912,922.7299765547616,273.1315311102392,922.9677425056544,1.5212848902642069,195.29193233736768,1.521180231614914,273.0242901596746,114.31317482568811,252.0904761692694,114.28887061568508,1.4201554721441358,1.41951353886253,252.0249000329035,224.18727306492025,263.106406092547,1.4193738033457586,7.930493812939205,250.17613547534475,42.73967481352092,163.8104081381876,42.73418124601485,1.2612040392346275,1.4195130894889048,163.75433372430425,222.89732980711585,280.96507335088177,1.26094961903664,9.331625455146302,161.9296243525248,132.9353326369801,0.011213094089180422,0.0019364859573883354
1.622168383,276.2319733,135.5788464,1.571980399,923.2876913,922.5406806,273.1139313,922.5406806,1.521297889,194.8069316,1.521193381,273.1139313,114.03219,251.86594305,114.03219,1.420144396,1.419502167,251.86594305,224.01253695,262.78503405000004,1.4193626,7.9175997774999995,249.98390335,42.8114017,163.76815929999998,42.8114017,1.2612197195000001,1.419502167,163.76815929999998,224.9999982,282.6377684,1.260973354,9.358352276,161.9648642,159.89391365,0.011473499000000003,0.0018384405000000002,1.6221648398271469,276.2592332460375,135.59214120419068,1.5719779372030132,923.5015521347258,922.729981564101,273.1315295434529,922.9677592034527,1.5212848874240386,195.2919168660631,1.5211802276581738,273.0242807589569,114.31307591423464,252.0904832882571,114.28877228950734,1.4201554688072382,1.4195135364014282,252.02491175829502,224.18716799820626,263.1062340728986,1.4193738014122288,7.930491085214422,250.17617086970685,42.73953375529931,163.8103374999312,42.734040959447626,1.2612040366185,1.4195130862947087,163.75426863619657,222.8972951199221,280.96526629350296,1.2609496174380448,9.331623513375852,161.92955226991552,132.9332604028411,0.011213246887054483,0.001936490380732328
1.622168383,276.2319733,135.5788464,1.571980399,923.2876913,922.5406806,273.1139313,922.5406806,1.521297889,194.8069316,1.521193381,273.1139313,114.03209670000001,251.86598615,114.03209670000001,1.420144396,1.419502167,251.86598615,224.0124284,262.7848715,1.4193626,7.917599731,249.9839489,42.811410065000004,163.76818115,42.811410065000004,1.261219723,1.419502167,163.76818115,224.9999982,282.6378241,1.2609733575,9.3583556505,161.96488399999998,159.8809225,0.011473520500000004,0.0018384484999999994,1.622164840077231,276.2592262225362,135.5921463788649,1.5719779372391294,923.501545436889,922.7299915827796,273.1315278025793,922.9677767361409,1.5212848847831804,195.2919036049449,1.5211802239734598,273.0242710100644,114.31297319849452,252.09048559145901,114.28866986640553,1.4201554653855042,1.4195135337832347,252.02492013357465,224.18706159306282,263.1060640240154,1.4193737993755775,7.93048800266365,250.17620078637006,42.73939717266679,163.81027316866198,42.73390468547749,1.2612040347218074,1.4195130829696032,163.75420859367864,222.89726538804175,280.9654688832552,1.260949616095225,9.331621914270777,161.9294856556421,132.93134711425972,0.011213398381019334,0.0019364920897543042
1.622168383,276.2319733,135.5788464,1.571980399,923.2876913,922.5406806,273.1139313,922.5406806,1.521297889,194.8069316,1.521193381,273.1139313,114.03200365000001,251.86602915,114.03200365000001,1.420144396,1.419502167,251.86602915,224.0123201,262.7847094,1.4193626,7.917599685,249.98399435,42.811418405,163.7682029,42.811418405,1.261219726,1.419502167,163.7682029,224.9999982,282.63787965,1.260973361,9.358359016,161.9649037,159.8679773,0.011473542,0.0018384560000000005,1.6221648403273152,276.2592174431595,135.59215968517003,1.5719779372530203,923.5015469252972,922.7300066107975,273.13152275404565,922.9677992781685,1.5212848821921496,195.2918947641994,1.521180220313475,273.0242584757741,114.31286960484208,252.09048705713295,114.28856685802884,1.4201554616244245,1.4195135308508582,252.02492557750642,224.18695686095623,263.10589679051105,1.4193737970295612,7.930484942289503,250.176228596226,42.7392601270423,163.81020883739276,42.7337682571767,1.261204032563502,1.4195130794874058,163.75414905571967,222.89722079022124,280.96565700231093,1.2609496146245174,9.331619972500327,161.9294180471258,132.92959128576345,0.011213555362269713,0.0019364864600405524
1.622168383,276.2319733,135.5788464,1.571980399,923.2876913,922.5406806,273.1139313,922.5406806,1.521297889,194.8069316,1.521193381,273.1139313,114.03191085,251.86607205,114.03191085,1.420144396,1.419502167,251.86607205,224.01221214999998,262.78454775,1.4193626,7.9175996390000005,249.98403965,42.811426725000004,163.76822464999998,42.811426725000004,1.26121973,1.419502167,163.76822464999998,224.9999982,282.63793505,1.260973364,9.3583623725,161.9649234,159.85507785,0.011473562999999999,0.0018384634999999993,1.62216484053294,276.2592095417205,135.59217446995353,1.5719779373530345,923.5015513905217,922.7300249783751,273.1315180536868,922.9678284993154,1.5212848799499115,195.2918947641994,1.5211802173211904,273.024246986008,114.31276776701425,252.09049626994056,114.2884658981142,1.420155458400642,1.4195135283897564,252.02493855918985,224.1868501212054,263.1057236447111,1.4193737950186904,7.930482103681599,250.17626146241938,42.73911629086885,163.8101472811979,42.733625038327,1.261204030732213,1.4195130764241195,163.7540915359966,222.89716132646055,280.9658451213666,1.260949613409585,9.331618544727936,161.92935441558106,132.92801222849482,0.011213723316356998,0.001936474698012854
1.622168383,276.2319733,135.5788464,1.571980399,923.2876913,922.5406806,273.1139313,922.5406806,1.521297889,194.8069316,1.521193381,273.1139313,114.0318183,251.86611485,114.0318183,1.420144396,1.419502167,251.86611485,224.01210444999998,262.78438655,1.4193626,7.917599593,249.98408485,42.81143501,163.7682463,42.81143501,1.261219733,1.419502167,163.7682463,224.9999982,282.63799025000003,1.2609733675,9.35836572,161.96494305,159.8422238,0.011473583999999997,0.0018384715000000003,1.6221648407941391,276.2591998844062,135.59219442941122,1.5719779375475065,923.5015625535831,922.7300516948516,273.13151335332793,922.9678593902421,1.5212848776578458,195.2918947641994,1.5211802142547168,273.02423688894083,114.3126673923736,252.09052328021738,114.28836552347441,1.4201554561383385,1.4195135265570211,252.02496619761266,224.18673903155877,263.10554120816084,1.4193737936007684,7.930479841665925,250.1763111830709,42.738954243677725,163.8100829499287,42.733463917121085,1.2612040288355204,1.4195130740677455,163.75402947524276,222.89707708613287,280.9660284168567,1.260949612066765,9.331616774290174,161.929284818579,132.92662034076133,0.011213898586834869,0.0019364547932056522
1.622168383,276.2319733,135.5788464,1.571980399,923.2876913,922.5406806,273.1139313,922.5406806,1.521297889,194.8069316,1.521193381,273.1139313,114.03172599999999,251.86615749999999,114.03172599999999,1.420144396,1.419502167,251.86615749999999,224.01199705,262.78422575,1.419362599,7.9175995475,249.98412985,42.81144327,163.7682679,42.81144327,1.2612197365,1.419502167,163.7682679,224.9999982,282.63804534999997,1.260973371,9.3583690575,161.9649626,159.82941499999998,0.011473605,0.0018384789999999994,1.6221648410164362,276.2591881200414,135.59220773571636,1.5719779376558554,923.5015722282361,922.7300717322089,273.13150430078497,922.9678861067193,1.5212848752661252,195.2918969743858,1.5211802113613506,273.024223658301,114.31256906619501,252.09056243464968,114.28826778257154,1.4201554541871015,1.419513524986105,252.02500723648288,224.18662593426794,263.1053534223908,1.4193737924922114,7.930478222772354,250.17636933095153,42.73877197917037,163.81001256395177,42.733282424268445,1.2612040262847959,1.4195130720517366,163.75396186434023,222.89696806923826,280.9662117123469,1.260949610020563,9.331615003852411,161.92920751619457,132.92541562256295,0.011214079606761474,0.0019364303648582632
1.622168383,276.2319733,135.5788464,1.571980399,923.2876913,922.5406806,273.1139313,922.5406806,1.521297889,194.8069316,1.521193381,273.1139313,114.031634,251.86620005,114.031634,1.420144396,1.419502167,251.86620005,224.01188995,262.78406540000003,1.419362599,7.9175995015,249.98417475,42.81145151,163.76828945,42.81145151,1.26121974,1.419502167,163.76828945,224.9999982,282.63810025,1.260973374,9.358372386,161.96498215000003,159.81665125,0.011473625000000001,0.0018384865000000002,1.6221648412720777,276.2591753021515,135.59222325973903,1.5719779378808871,923.5015826470933,922.7300951091258,273.13149490006725,922.9679094836368,1.5212848731733695,195.29189255401306,1.521180208690551,273.0242100794866,114.31247249584104,252.09061457076544,114.28817238276812,1.420155453027671,1.4195135240435555,252.02506083827257,224.18651149854762,263.1051569089463,1.4193737919508231,7.930477113941142,250.17644011967573,42.73857459025852,163.8099394029005,42.73308580701142,1.2612040236686684,1.419513070768822,163.7538897124069,222.8968392310901,280.9663901842715,1.2609496081022489,9.331613290525544,161.92912673396,132.92436242255968,0.011214256972554012,0.0019364036247160636
1.622168383,276.2319733,135.5788464,1.571980399,923.2876913,922.5406806,273.1139313,922.5406806,1.521297889,194.8069316,1.521193381,273.1139313,114.03154215,251.8662425,114.03154215,1.420144396,1.419502167,251.8662425,224.01178314999999,262.78390555,1.419362599,7.917599456,249.98421960000002,42.81145972,163.76831095,42.81145972,1.261219743,1.419502167,163.76831095,224.9999982,282.63815505,1.2609733775,9.358375706,161.96500164999998,159.80393225,0.011473646000000004,0.0018384939999999995,1.622164841522162,276.2591668739499,135.59223139136995,1.571977938086472,923.501588600726,922.7301118069236,273.1314867179611,922.9679295209947,1.5212848711304414,195.29189255401306,1.5211802062917774,273.02419893789516,114.31237885186142,252.09067717598074,114.28807903142675,1.4201554526883255,1.4195135237031902,252.0251249091618,224.18639505518308,263.1049581431987,1.4193737919766034,7.930476670408656,250.17651891426755,42.7383741147335,163.80986851236463,42.73288672046388,1.26120402144496,1.4195130699833638,163.75382008326847,222.8967153482553,280.9665783033272,1.2609496062478784,9.331612091196737,161.9290462002862,132.923408749214,0.011214425982038582,0.0019363776891414307
1.622168383,276.2319733,135.5788464,1.571980399,923.2876913,922.5406806,273.1139313,922.5406806,1.521297889,194.8069316,1.521193381,273.1139313,114.0314506,251.86628480000002,114.03145065,1.420144396,1.419502167,251.86628480000002,224.01167665,262.78374605,1.419362599,7.917599410499999,249.98426425,42.8114679,163.76833234999998,42.8114679,1.261219747,1.419502167,163.76833234999998,224.9999982,282.6382097,1.260973381,9.358379016499999,161.96502105000002,159.7912579,0.011473665999999997,0.0018385015000000004,1.622164841822263,276.25915352929735,135.59223508756583,1.571977938280944,923.5015900891342,922.7301184860427,273.1314741836708,922.9679387047838,1.5212848687885483,195.29186824196302,1.521180203744626,273.0241822255081,114.31228520788183,252.09073684984816,114.28798568008538,1.4201554520096344,1.4195135231533695,252.02518604870318,224.18628095407013,263.10476219283,1.41937379174458,7.930476093816425,250.17659728749794,42.73817965810416,163.8098003969031,42.732692881158684,1.2612040189596387,1.4195130692240878,163.75375095868898,222.8966013760473,280.96676159881736,1.2609496038819576,9.331610834757035,161.9289646723695,132.92252340760336,0.011214583238900646,0.0019363539654316296
1.622168383,276.2319733,135.5788464,1.571980399,923.2876913,922.5406806,273.1139313,922.5406806,1.521297889,194.8069316,1.521193381,273.1139313,114.03135935,251.866327,114.03135935,1.420144396,1.419502167,251.866327,224.0115704,262.78358705,1.419362599,7.9175993655,249.98430885,42.811476060000004,163.76835375000002,42.811476060000004,1.26121975,1.419502167,163.76835375000002,224.9999983,282.63826415,1.260973384,9.358382318,161.96504045,159.7786279,0.011473684999999999,0.0018385085,1.62216484204456,276.25914580344585,135.59223878376167,1.5719779384142962,923.501587856522,922.7301251651618,273.13146878696244,922.9679478885728,1.5212848669947578,195.29185719103117,1.521180201692067,273.02417352113986,114.31219507555144,252.09079736124355,114.28789613303066,1.420155451811683,1.4195135229439142,252.0252476070085,224.18616952981614,263.10457440705994,1.4193737918992624,7.930475894226808,250.17667271119814,42.73800279516985,163.80973934526722,42.7325169442097,1.2612040172591559,1.4195130687789947,163.753691925289,222.89650226977946,280.9669352471764,1.26094960241125,9.331610149426288,161.92889457824597,132.92166034808025,0.011214723779291199,0.001936334665000789
1.622168383,276.2319733,135.5788464,1.571980399,923.2876913,922.5406806,273.1139313,922.5406806,1.521297889,194.8069316,1.521193381,273.1139313,114.03126825,251.8663691,114.03126825,1.420144396,1.419502167,251.8663691,224.0114645,262.78342845,1.419362599,7.91759932,249.9843533,42.811484195,163.76837505,42.811484195,1.2612197535,1.419502167,163.76837505,224.9999983,282.63831849999997,1.260973387,9.358385610500001,161.96505975000002,159.7660421,0.011473705000000002,0.0018385159999999995,1.622164842266857,276.25913948229464,135.59224247995755,1.5719779384837507,923.5015871123179,922.7301318442809,273.13146426069096,922.9679587421417,1.5212848653504498,195.29185277065844,1.5211801997136971,273.02416551312103,114.31210904014519,252.0908518005612,114.28781009762513,1.4201554515006163,1.4195135227082767,252.02530288385412,224.18606379388743,263.10439394127496,1.4193737917703604,7.930475583754068,250.17674181447654,42.73784676687439,163.80968611429543,42.73236168756875,1.261204015951092,1.4195130681506285,163.75363995571465,222.89644280601877,280.96710407196997,1.2609496015160366,9.331609920982705,161.92883392942989,132.92081808517213,0.011214848125045744,0.0019363206924130935
1.622168383,276.2319733,135.5788464,1.571980399,923.2876913,922.5406806,273.1139313,922.5406806,1.521297889,194.8069316,1.521193381,273.1139313,114.03117745,251.866411,114.03117745,1.420144396,1.419502167,251.866411,224.0113588,262.7832703,1.419362599,7.917599275000001,249.98439760000002,42.811492295,163.7683963,42.811492295,1.261219757,1.419502167,163.7683963,224.9999983,282.63837264999995,1.2609733905,9.358388894,161.965079,159.75350029999998,0.011473723999999998,0.0018385234999999998,1.622164842422465,276.2591338634936,135.59224617615342,1.571977938519867,923.5015863681137,922.7301368536203,273.1314604307689,922.9679679259307,1.521284863805797,195.2918483502857,1.5211801978589752,273.02415750510227,114.3120253458384,252.0909003771831,114.28772669595651,1.4201554509067615,1.4195135222631838,252.02535146047603,224.1859627424619,263.10422558161906,1.4193737916414584,7.930475118044958,250.17680249052586,42.737708640935296,163.8096376766339,42.73222448761467,1.2612040147084314,1.419513067574626,163.753593536289,222.89638334225805,280.9672632496325,1.2609496005568797,9.331609749650019,161.92878048887474,132.92000256076903,0.011214954708218412,0.0019363106402540903
1.622168383,276.2319733,135.5788464,1.571980399,923.2876913,922.5406806,273.1139313,922.5406806,1.521297889,194.8069316,1.521193381,273.1139313,114.03108695,251.8664529,114.03108695,1.420144396,1.419502167,251.8664529,224.01125345000003,262.78311255,1.419362599,7.91759923,249.9844418,42.81150038,163.76841745000002,42.81150038,1.26121976,1.419502167,163.76841745000002,224.9999983,282.63842669999997,1.260973394,9.3583921685,161.96509824999998,159.7410023,0.011473744000000001,0.0018385304999999998,1.6221648425614008,276.25913000056784,135.5922520900668,1.5719779384976416,923.5015863681137,922.7301418629596,273.13145834172053,922.9679796143895,1.5212848624106265,195.2918350891675,1.5211801960784421,273.0241519343066,114.31194311471882,252.09094581307514,114.28764446483761,1.4201554503977432,1.4195135218966368,252.02539836204198,224.18586470250267,263.10406454194816,1.4193737914094346,7.930474807572219,250.176860217045,42.73758486774741,163.80959529368008,42.73210117741972,1.2612040137927867,1.4195130669724414,163.75355266701212,222.89635361037773,280.96740313303286,1.260949599789554,9.331609635428228,161.92873127385184,132.91921823128848,0.011215049014272184,0.0019363035032528772
1.622168383,276.2319733,135.5788464,1.571980399,923.2876913,922.5406806,273.1139313,922.5406806,1.521297889,194.8069316,1.521193381,273.1139313,114.03099660000001,251.8664946,114.03099660000001,1.420144396,1.419502167,251.8664946,224.01114834999998,262.78295525,1.419362599,7.917599185,249.98448589999998,42.811508435,163.76843865,42.811508435,1.2612197635,1.419502167,163.76843865,224.9999983,282.6384806,1.260973397,9.358395433999998,161.96511735,159.72854795,0.011473763,0.0018385380000000009,1.6221648426725492,276.25912666440473,135.59225800398022,1.571977938442078,923.5015856239097,922.7301502118585,273.131457123109,922.9679913028483,1.5212848612645937,195.29183287898113,1.5211801944710164,273.02414601533616,114.31186322469871,252.09098789885533,114.28756398954333,1.420155449860446,1.4195135215300898,252.0254398196762,224.1857683355803,263.1039057545804,1.419373791228972,7.930474386216358,250.1769128872267,42.73747251502823,163.80955442440316,42.73198990501602,1.2612040130079485,1.4195130664226208,163.75351381597108,222.89631892318397,280.9675333693022,1.2609495993419473,9.331609521206436,161.9286875271648,132.91846955314793,0.011215131826613224,0.0019362988792943037
1.622168383,276.2319733,135.5788464,1.571980399,923.2876913,922.5406806,273.1139313,922.5406806,1.521297889,194.8069316,1.521193381,273.1139313,114.03090660000001,251.86653625,114.03090660000001,1.420144396,1.419502167,251.86653625,224.0110436,262.78279835,1.419362599,7.9175991405,249.98452980000002,42.811516465,163.76845965,42.811516465,1.261219767,1.419502167,163.76845965,224.9999983,282.6385343,1.2609734,9.3583986905,161.96513645,159.716137,0.011473782000000005,0.0018385449999999996,1.622164842811485,276.2591264888172,135.59226761408948,1.5719779383865147,923.5015900891342,922.7301585607574,273.13145677493424,922.9680021564171,1.521284860018906,195.2918350891675,1.5211801930119686,273.0241421854141,114.31178391995347,252.09102789081558,114.28748527007365,1.4201554492948703,1.4195135212159065,252.02548043978246,224.185675649339,263.10375259797036,1.419373790971168,7.930474053566994,250.17696387196258,42.73736741584999,163.80951784387753,42.731884805838604,1.2612040122885133,1.4195130658204362,163.7534784968429,222.8963040572438,280.96765878200597,1.260949598766453,9.33160934987375,161.92864875169224,132.91776395370994,0.011215208631034418,0.0019362943558672528
1.622168383,276.2319733,135.5788464,1.571980399,923.2876913,922.5406806,273.1139313,922.5406806,1.521297889,194.8069316,1.521193381,273.1139313,114.03081675,251.86657775,114.03081675,1.420144396,1.419502167,251.86657775,224.0109391,262.7826419,1.419362599,7.917599096,249.9845737,42.811524469999995,163.76848074999998,42.811524469999995,1.26121977,1.419502167,163.76848074999998,224.9999983,282.6385879,1.2609734035,9.358401938,161.96515555000002,159.70376929999998,0.011473799999999998,0.0018385525000000002,1.6221648428948463,276.2591240305917,135.5922779634379,1.5719779383726238,923.5015960427669,922.730168579436,273.13145781945843,922.9680196891053,1.521284859072183,195.29183950954024,1.5211801918744057,273.0241407927152,114.311705785758,252.0910718610337,114.28740713587884,1.4201554489272459,1.4195135209540872,252.0255231537086,224.18558129006084,263.1035991598224,1.4193737908938269,7.930473853977376,250.1770156994214,42.73726540328491,163.8094830293083,42.7317835649276,1.261204011896094,1.4195130654015253,163.75344519595058,222.89627928067685,280.96778419470974,1.2609495985746215,9.33160934987375,161.92861097046256,132.91710886033695,0.011215281256107,0.001936289731930522
1.622168383,276.2319733,135.5788464,1.571980399,923.2876913,922.5406806,273.1139313,922.5406806,1.521297889,194.8069316,1.521193381,273.1139313,114.0307272,251.86661915000002,114.0307272,1.420144396,1.419502167,251.86661915000002,224.0108349,262.7824859,1.419362599,7.9175990515,249.9846174,42.81153245,163.76850165000002,42.81153245,1.2612197735000001,1.419502167,163.76850165000002,224.9999983,282.6386413,1.260973407,9.358405177000002,161.96517455,159.69144465,0.011473818999999994,0.0018385595,1.6221648429837652,276.25912262589145,135.59228313811215,1.5719779383837365,923.5015997637873,922.7301769283349,273.1314579935458,922.9680338822338,1.5212848580756329,195.2918417197266,1.521180190415358,273.02413696279314,114.31162794419994,252.09111436557785,114.28732900168401,1.4201554485596217,1.4195135206660858,252.02556670516273,224.18548693078267,263.1034474109018,1.4193737907649249,7.930473698741006,250.17706794824164,42.737163545050485,163.80944897157752,42.73168216968595,1.2612040112420624,1.4195130650349783,163.7534118950583,222.89626937005005,280.96790960741356,1.2609495981909586,9.331609121430168,161.92857194642926,132.91651170039154,0.011215352314187134,0.0019362844043649377
1.622168383,276.2319733,135.5788464,1.571980399,923.2876913,922.5406806,273.1139313,922.5406806,1.521297889,194.8069316,1.521193381,273.1139313,114.03063785,251.86666044999998,114.03063785,1.420144396,1.419502167,251.86666044999998,224.0107309,262.7823303,1.419362599,7.917599007,249.98466100000002,42.811540405,163.76852255,42.811540405,1.2612197765,1.419502167,163.76852255,224.9999983,282.6386946,1.26097341,9.358408406999999,161.9651935,159.67916295,0.011473837500000006,0.0018385664999999995,1.6221648430949136,276.2591212211912,135.59230014061313,1.5719779384337436,923.5016101826445,922.7301936261327,273.1314581676332,922.9680522498119,1.5212848571787376,195.29185277065844,1.5211801893519838,273.0241338292206,114.31155127319164,252.0911602202339,114.28725233067637,1.4201554483899488,1.4195135206922678,252.02561193167276,224.18539357532663,263.10329453582966,1.4193737909196071,7.930473610034509,250.17712230386917,42.737060760832115,163.80941365244934,42.731579848460356,1.2612040106534337,1.4195130649040686,163.75337960328392,222.8962396381697,280.9680253729863,1.2609495978712397,9.331608892986585,161.9285356565639,132.91596504651113,0.011215420237772833,0.0019362781721370072
1.622168383,276.2319733,135.5788464,1.571980399,923.2876913,922.5406806,273.1139313,922.5406806,1.521297889,194.8069316,1.521193381,273.1139313,114.03054875000001,251.86670164999998,114.03054875000001,1.420144396,1.419502167,251.86670164999998,224.01062725,262.78217515,1.419362599,7.917598963,249.98470445,42.811548335,163.76854344999998,42.811548335,1.26121978,1.419502167,163.76854344999998,224.9999983,282.63874775,1.260973413,9.3584116285,161.96521239999998,159.666924,0.011473856000000006,0.0018385735,1.6221648431782751,276.2591196409034,135.59230901148322,1.5719779384365218,923.5016168804813,922.7302036448114,273.13145729719633,922.9680664429403,1.5212848562320147,195.29185940121755,1.5211801883380693,273.02412999929857,114.31147548009564,252.09120293416004,114.2871771228559,1.420155448220276,1.419513520561358,252.0256575769468,224.18530155830007,263.1031450392121,1.4193737908938269,7.930473610034509,250.17717497405087,42.7369570506298,163.80938009927755,42.73147644692016,1.261204010064805,1.4195130645375216,163.75334731150957,222.89620990628936,280.9681314914279,1.2609495973596891,9.331608607432107,161.92849886957708,132.91546295680578,0.01121549051299254,0.0019362700300629974
1.622168383,276.2319733,135.5788464,1.571980399,923.2876913,922.5406806,273.1139313,922.5406806,1.521297889,194.8069316,1.521193381,273.1139313,114.03045995,251.86674265,114.03045995,1.420144396,1.419502167,251.86674265,224.0105239,262.78202039999996,1.419362599,7.9175989184999995,249.98474785,42.811556235,163.76856425,42.811556235,1.261219783,1.419502167,163.76856425,224.9999983,282.63880075,1.2609734165,9.3584148405,161.96523125,159.65472755,0.011473874000000005,0.0018385804999999998,1.622164843267194,276.2591156023901,135.5923186215925,1.5719779384670816,923.5016243225222,922.7302170030496,273.1314555563227,922.9680823058487,1.5212848555344296,195.29185940121755,1.521180187299425,273.0241265175512,114.31139997963707,252.09125088263596,114.28710162239798,1.4201554482768337,1.4195135206660858,252.02570322222084,224.1852085374514,263.10299441644304,1.4193737912031916,7.93047356568126,250.17722932967837,42.736851179798265,163.80934301419293,42.7313715020734,1.2612040093453698,1.4195130645898855,163.75331199238138,222.8961851297224,280.96824725700066,1.2609495969760263,9.33160843609942,161.92845984554378,132.91502028600047,0.01121555974365814,0.0019362605812792897
1.622168383,276.2319733,135.5788464,1.571980399,923.2876913,922.5406806,273.1139313,922.5406806,1.521297889,194.8069316,1.521193381,273.1139313,114.03037135,251.86678365,114.03037135,1.420144396,1.419502167,251.86678365,224.01042080000002,262.78186605,1.419362599,7.917598874499999,249.98479105,42.811564114999996,163.76858495,42.811564114999996,1.2612197864999999,1.419502167,163.76858495,224.9999983,282.6388536,1.2609734195,9.358418044,161.96525005,159.64257355,0.011473892000000003,0.0018385875,1.6221648433116533,276.25911525121506,135.59233192789765,1.5719779385337578,923.5016362297876,922.7302337008474,273.1314566008469,922.9681048478764,1.5212848547870168,195.29187929289486,1.521180186508077,273.02412512485233,114.31132740555287,252.0913011343138,114.28702875567697,1.4201554485879004,1.4195135209540872,252.02575431142662,224.18511752424692,263.1028415413709,1.4193737915898976,7.930473831800752,250.17728663483607,42.736745617628046,163.8093104701391,42.73126640289598,1.2612040089529506,1.419513064694613,163.75328121428396,222.8961405319019,280.96834372831125,1.260949596720251,9.331608207655838,161.9284233071177,132.91461029559017,0.011215626623499404,0.0019362509315052235
1.622168383,276.2319733,135.5788464,1.571980399,923.2876913,922.5406806,273.1139313,922.5406806,1.521297889,194.8069316,1.521193381,273.1139313,114.030283,251.86682445,114.030283,1.420144396,1.419502166,251.86682445,224.01031799999998,262.78171215,1.419362599,7.917598830499999,249.98483425,42.81157197,163.76860564999998,42.81157197,1.26121979,1.419502166,163.76860564999998,224.9999983,282.63890635,1.260973423,9.3584212395,161.9652688,159.63046175,0.01147391,0.0018385944999999991,1.6221648433950147,276.2591127929896,135.5923415380069,1.5719779385476487,923.5016466486447,922.7302470590856,273.13145520814794,922.9681232154544,1.5212848540396042,195.29188813364033,1.5211801855930809,273.0241223394545,114.3112565872933,252.09135033908166,114.28695823005543,1.4201554488141308,1.4195135212159065,252.02580288804853,224.1850281840793,263.1026945785943,1.4193737918477014,7.9304739870371215,250.17734267590941,42.7366394381352,163.80927742152628,42.731160995057245,1.2612040084297251,1.4195130647993408,163.7532489225096,222.89610088939475,280.9684450231874,1.2609495963365882,9.331608207655838,161.9283867686916,132.9142448693549,0.011215693503739483,0.0019362409802260842
1.622168383,276.2319733,135.5788464,1.571980399,923.2876913,922.5406806,273.1139313,922.5406806,1.521297889,194.8069316,1.521193381,273.1139313,114.0301949,251.8668652,114.0301949,1.420144396,1.419502166,251.8668652,224.01021545,262.78155864999997,1.419362599,7.917598787,249.98487725,42.811579800000004,163.76862625,42.811579800000004,1.261219793,1.419502166,163.76862625,224.9999983,282.63895890000003,1.260973426,9.358424424999999,161.9652875,159.61839195,0.011473927999999998,0.0018386015000000002,1.6221648434950484,276.2591117394644,135.5923526265945,1.5719779386254373,923.5016578117061,922.7302620871036,273.1314560785848,922.9681374085828,1.521284853441674,195.29189918457217,1.5211801850490292,273.0241192058819,114.31118635430859,252.0914005907595,114.28688858234621,1.4201554491534762,1.419513521451544,252.02585397725431,224.18494085155592,263.1025493050451,1.4193737921828466,7.930474364039734,250.17739955970566,42.73653387596498,163.8092458865904,42.73105574154917,1.2612040081027092,1.4195130650611603,163.75321864897114,222.89608106814117,280.9685559651946,1.2609495961447568,9.331608264766734,161.92835047882625,132.91391806540466,0.011215757771845934,0.0019362309284808982
1.622168383,276.2319733,135.5788464,1.571980399,923.2876913,922.5406806,273.1139313,922.5406806,1.521297889,194.8069316,1.521193381,273.1139313,114.030107,251.86690579999998,114.030107,1.420144396,1.419502166,251.86690579999998,224.01011319999998,262.78140555,1.419362599,7.917598743,249.98492015,42.811587605,163.76864684999998,42.811587605,1.261219796,1.419502166,163.76864684999998,224.9999983,282.6390113,1.260973429,9.3584276025,161.96530615,159.60636415,0.011473946000000004,0.0018386084999999996,1.6221648435672948,276.2591141976898,135.5923644544213,1.571977938731008,923.5016682305633,922.7302737755621,273.1314593862447,922.9681524366013,1.5212848529932264,195.29192349662222,1.5211801844307884,273.02412059858085,114.31111846242338,252.09145691451505,114.286820983099,1.4201554497190523,1.4195135220275465,252.025907579044,224.1848525152104,263.1024045945716,1.4193737929304782,7.930475051515086,250.17745981439353,42.73643016576266,163.80921662216988,42.730952340008976,1.261204007971903,1.419513065558617,163.75319039366858,222.89604142563405,280.9686524365052,1.2609495959529253,9.331608493210316,161.928317668811,132.91361799995946,0.01121581655397308,0.001936221479888002
1.622168383,276.2319733,135.5788464,1.571980399,923.2876913,922.5406806,273.1139313,922.5406806,1.521297889,194.8069316,1.521193381,273.1139313,114.03001935,251.8669463,114.03001935,1.420144396,1.419502166,251.8669463,224.0100112,262.7812529,1.419362599,7.9175986995,249.9849629,42.811595385,163.76866735,42.811595385,1.2612197995,1.419502166,163.76866735,224.9999983,282.6390636,1.260973432,9.3584307715,161.96532474999998,159.59437805,0.011473963499999998,0.0018386150000000007,1.6221648436173117,276.2591145488649,135.59237406453056,1.5719779387421207,923.5016779052164,922.7302871338003,273.1314604307689,922.9681724739592,1.5212848525447789,195.2919433882995,1.5211801840351145,273.02412094675554,114.31105320427508,252.0915069568109,114.2867551396764,1.420155450426022,1.4195135226297309,252.02595866824979,224.18476685572386,263.1022635440907,1.4193737935492077,7.930475672460565,250.1775162768283,42.73632985083482,163.80918735774938,42.73085295106586,1.26120400771029,1.4195130661084376,163.753162642925,222.8960067384403,280.96874408425026,1.2609495957610939,9.331608721653899,161.92828610159933,132.91332981829424,0.011215870633802133,0.001936213438568665
1.622168383,276.2319733,135.5788464,1.571980399,923.2876913,922.5406806,273.1139313,922.5406806,1.521297889,194.8069316,1.521193381,273.1139313,114.02993194999999,251.86698669999998,114.02993194999999,1.420144396,1.419502166,251.86698669999998,224.00990955,262.7811007,1.419362599,7.917598656,249.98500555,42.81160314,163.7686878,42.81160314,1.261219803,1.419502166,163.7686878,224.9999983,282.6391157,1.2609734355,9.358433931499999,161.96534325,159.5824336,0.011473981000000006,0.001838622,1.6221648436228693,276.25911490004,135.5923851531182,1.5719779387587898,923.5016898124818,922.7303021618183,273.13146217164257,922.9681900066473,1.5212848520963311,195.2919632799768,1.521180183466333,273.0241202504061,114.31098853140166,252.09155972107263,114.28669105207841,1.4201554511612706,1.4195135232057334,252.02601143251152,224.1846825346668,263.1021244643749,1.4193737941937177,7.93047627122942,250.1775727392631,42.73623509181068,163.80916061612376,42.7307580377118,1.2612040075794837,1.4195130666058944,163.7531369104173,222.89597700655997,280.96883573199534,1.2609495958250379,9.331609121430168,161.9282545343877,132.91306837513406,0.01121592027252209,0.001936207106053191
1.622168383,276.2319733,135.5788464,1.571980399,923.2876913,922.5406806,273.1139313,922.5406806,1.521297889,194.8069316,1.521193381,273.1139313,114.0298448,251.867027,114.0298448,1.420144395,1.419502166,251.867027,224.00980815,262.78094884999996,1.419362599,7.917598613,249.9850481,42.811610875,163.7687082,42.811610875,1.261219806,1.419502166,163.7687082,224.9999983,282.63916770000003,1.2609734385,9.358437083,161.96536175,159.57053055,0.011473998500000002,0.0018386285000000005,1.6221648436673286,276.2591150756275,135.59239624170579,1.571977938794906,923.5017032081553,922.7303171898363,273.1314625198173,922.9682067044456,1.5212848518471935,195.2919853818405,1.5211801831695775,273.02411746500826,114.31092473644055,252.09160746016656,114.28662725711786,1.4201554515854526,1.4195135235722807,252.02606000913343,224.1846015596834,263.1019901708033,1.419373794606204,7.930476803468402,250.17762583080625,42.73614357373036,163.80913463133658,42.7306665196322,1.2612040075140805,1.4195130669724414,163.7531116824686,222.89596709593317,280.96893702687146,1.2609495957610939,9.331609464095541,161.9282252042225,132.91281584480888,0.011215966776364324,0.001936201276136622
1.622168383,276.2319733,135.5788464,1.571980399,923.2876913,922.5406806,273.1139313,922.5406806,1.521297889,194.8069316,1.521193381,273.1139313,114.02975785,251.8670672,114.02975785,1.420144395,1.419502166,251.8670672,224.00970695,262.78079745,1.4193625985,7.9175985695,249.9850905,42.811618575,163.7687285,42.811618575,1.261219809,1.419502166,163.7687285,224.9999983,282.6392196,1.260973442,9.358440225999999,161.9653802,159.55866874999998,0.011474016,0.0018386355000000007,1.6221648436951157,276.25911700709037,135.59241176572846,1.5719779389060329,923.5017136270125,922.7303338876341,273.1314673942635,922.9682242371338,1.5212848516478834,195.2920119040769,1.5211801829964702,273.0241202504061,114.3108621120292,252.09165666493445,114.28656434006959,1.4201554524338165,1.4195135242530108,252.02610732946337,224.18451991548528,263.10185756645893,1.4193737952764944,7.9304773800606325,250.17767850098795,42.736056222577815,163.80911091706477,42.73057978580296,1.2612040075794837,1.419513067522262,163.75308897731477,222.8959423193662,280.9690190274855,1.2609495959529253,9.331609920982705,161.92819910534675,132.9125766837362,0.01121600596514511,0.0019361964513913575
1.622168383,276.2319733,135.5788464,1.571980399,923.2876913,922.5406806,273.1139313,922.5406806,1.521297889,194.8069316,1.521193381,273.1139313,114.0296712,251.8671072,114.0296712,1.420144395,1.419502166,251.8671072,224.00960609999998,262.78064645,1.419362598,7.917598526,249.9851328,42.811626265,163.7687488,42.811626265,1.261219812,1.419502166,163.7687488,224.9999983,282.6392713,1.260973445,9.3584433605,161.96539860000001,159.54684809999998,0.011474032999999998,0.0018386425,1.6221648437451326,276.25912016766597,135.5924191581202,1.5719779388393567,923.501726278482,922.7303439063128,273.1314705278361,922.9682417698219,1.5212848512990909,195.29203621612695,1.5211801826007962,273.024121643105,114.3108000728927,252.09170524155633,114.28650259357107,1.420155453027671,1.4195135247766495,252.02615590608528,224.18444061353875,263.1017283405692,1.419373795843663,7.930478111889233,250.17773032844676,42.735972421030404,163.80909023014684,42.730496601578835,1.26120400771029,1.4195130680982646,163.7530682903968,222.89593240873944,280.96910585166506,1.2609495958889816,9.33161037786987,161.92817400071385,132.91235386286104,0.011216043586503492,0.0019361920287187602
1.622168383,276.2319733,135.5788464,1.571980399,923.2876913,922.5406806,273.1139313,922.5406806,1.521297889,194.8069316,1.521193381,273.1139313,114.02958475,251.8671472,114.02958475,1.420144395,1.419502166,251.8671472,224.0095055,262.78049584999997,1.419362598,7.917598483,249.985175,42.811633920000006,163.76876905,42.811633920000006,1.2612198155,1.419502166,163.76876905,224.9999983,282.63932285,1.260973448,9.358446486,161.96541695000002,159.53506844999998,0.011474050000000001,0.0018386490000000004,1.6221648437340177,276.2591238550042,135.59243098594698,1.5719779388865855,923.501735953135,922.7303589343308,273.13147505410757,922.9682593025101,1.5212848512492634,195.292060528177,1.5211801824524185,273.0241244285029,114.31074008221827,252.09175172435832,114.28644231025972,1.420155453734641,1.419513525352652,252.0262015513593,224.1843633192364,263.10160193005834,1.4193737964366122,7.930478732834712,250.1777800490983,42.735892014757475,163.80906777727247,42.73041604097588,1.2612040078410964,1.4195130685957214,163.75304760347888,222.89591754279925,280.96918785227905,1.2609495963365882,9.331610834757035,161.92815088456675,132.91213846934838,0.011216079379162976,0.001936187807086158
1.622168383,276.2319733,135.5788464,1.571980399,923.2876913,922.5406806,273.1139313,922.5406806,1.521297889,194.8069316,1.521193381,273.1139313,114.0294985,251.867187,114.0294985,1.420144395,1.419502166,251.867187,224.0094052,262.7803457,1.419362598,7.91759844,249.9852171,42.811641555,163.76878920000001,42.811641555,1.2612198184999999,1.419502166,163.76878920000001,224.9999983,282.6393743,1.260973451,9.3584496035,161.9654352,159.52332955,0.011474067500000004,0.0018386555000000006,1.62216484375069,276.25912578646705,135.59244355301294,1.5719779389449273,923.5017493488086,922.7303756321286,273.13147783950546,922.9682768351983,1.5212848510499533,195.29208705041341,1.5211801823287703,273.0241247766776,114.31067979890639,252.09179653210438,114.28638202694836,1.4201554542436592,1.4195135258762908,252.0262455215774,224.18428535571937,263.1014743933959,1.4193737969264397,7.9304792207204455,250.17782850566545,42.73581222580718,163.80904709035454,42.73033686934883,1.2612040079064997,1.419513069093178,163.75302792567888,222.89590763217248,280.9692650293275,1.2609495963365882,9.3316112916442,161.9281262770553,132.91194535792323,0.011216113081844574,0.0019361840880364929
1.622168383,276.2319733,135.5788464,1.571980399,923.2876913,922.5406806,273.1139313,922.5406806,1.521297889,194.8069316,1.521193381,273.1139313,114.0294125,251.86722675,114.0294125,1.420144395,1.419502166,251.86722675,224.00930515,262.78019589999997,1.419362598,7.9175983975,249.9852591,42.81164916,163.7688093,42.81164916,1.261219822,1.419502166,163.7688093,224.9999983,282.63942555,1.260973454,9.358452712,161.9654535,159.5116314,0.011474084500000006,0.0018386625000000002,1.6221648437673624,276.2591285958676,135.59245538083974,1.5719779388838075,923.5017597676658,922.7303889903668,273.1314825398643,922.9682943678864,1.5212848510001258,195.29211357264984,1.521180182205122,273.0241275620754,114.31062010086939,252.09184322428837,114.286321743637,1.420155454978908,1.4195135264522933,252.02629074808746,224.1842077268097,263.1013488274987,1.4193737974936085,7.9304798194893005,250.1778769622326,42.73573351717149,163.80902514203916,42.73025846937507,1.2612040081027092,1.419513069564453,163.75300824787888,222.89589772154568,280.96934702994156,1.260949596720251,9.331611748531364,161.92810440371179,132.9117611593331,0.011216144955791662,0.0019361800674502952
1.622168383,276.2319733,135.5788464,1.571980399,923.2876913,922.5406806,273.1139313,922.5406806,1.521297889,194.8069316,1.521193381,273.1139313,114.0293268,251.8672664,114.0293268,1.420144395,1.419502166,251.8672664,224.00920539999998,262.78004655,1.419362598,7.917598355,249.9853009,42.81165675,163.76882940000002,42.81165675,1.261219825,1.419502166,163.76882940000002,224.9999984,282.63947675,1.260973457,9.358455811999999,161.96547164999998,159.49997375,0.011474101000000002,0.0018386689999999996,1.6221648437395753,276.2591317564432,135.5924701656232,1.57197793895604,923.5017761401557,922.7304056881645,273.1314854993495,922.9683135703543,1.5212848510499533,195.29214009488624,1.5211801823040407,273.02412930294906,114.3105604028324,252.09188845079842,114.28626263087538,1.4201554555444837,1.419513526975932,252.02633723088945,224.1841311017221,263.10122213545,1.4193737980092165,7.930480506964653,250.17792584016124,42.73565573451975,163.80900596879815,42.73018053239329,1.2612040084951284,1.4195130700880916,163.75298907463787,222.8958878109189,280.9694290305556,1.2609495969760263,9.33161231964032,161.9280815361254,132.91159775735798,0.011216176829829328,0.0019361756448151221
1.622168383,276.2319733,135.5788464,1.571980399,923.2876913,922.5406806,273.1139313,922.5406806,1.521297889,194.8069316,1.521193381,273.1139313,114.02924125,251.8673059,114.02924125,1.420144395,1.419502166,251.8673059,224.00910585,262.77989755,1.419362598,7.917598312,249.9853427,42.81166431,163.7688494,42.81166431,1.261219828,1.419502166,163.7688494,224.9999984,282.63952774999996,1.2609734605,9.3584589035,161.9654898,159.48835645,0.011474117999999997,0.0018386755000000003,1.6221648437451326,276.25913474143124,135.59248421116752,1.5719779389699309,923.5017925126456,922.7304240557421,273.1314889810968,922.968336112382,1.5212848510001258,195.29217324768175,1.521180182155663,273.02413139199746,114.31050275325745,252.0919355617464,114.28620468866349,1.4201554563928476,1.4195135276304804,252.02638413245543,224.18405514584927,263.1010993849316,1.4193737987310675,7.930481194440004,250.17797556081277,42.73557795186801,163.8089870478366,42.73010321273413,1.2612040088221443,1.419513070768822,163.75297141507377,222.89588285560552,280.96950620760407,1.2609495973596891,9.331612890749275,161.9280609055855,132.91144623916287,0.011216207397639068,0.0019361720263029482
1.622168383,276.2319733,135.5788464,1.571980399,923.2876913,922.5406806,273.1139313,922.5406806,1.521297889,194.8069316,1.521193381,273.1139313,114.029156,251.86734535,114.029156,1.420144395,1.419502166,251.86734535,224.00900665,262.77974900000004,1.419362598,7.91759827,249.98538430000002,42.811671849999996,163.7688694,42.811671849999996,1.261219831,1.419502166,163.7688694,224.9999984,282.6395786,1.2609734635,9.358461987,161.9655079,159.47677944999998,0.011474135000000005,0.0018386820000000006,1.6221648437395753,276.2591371996567,135.59249529975514,1.571977939019938,923.5018029315029,922.7304390837601,273.13149472597985,922.9683519752903,1.5212848510499533,195.2922041902909,1.521180182279311,273.0241341773953,114.3104451036825,252.09198330084033,114.28614733172648,1.4201554571846537,1.4195135283897564,252.02643061525742,224.18397985919117,263.10097635287536,1.419373799478699,7.9304819484452285,250.17802443874137,42.735500477877586,163.8089676223161,42.730025893074966,1.2612040090183538,1.4195130713710062,163.7529527463917,222.89587790029213,280.96958820821806,1.2609495978072958,9.331613576080022,161.928039032242,132.91131700305527,0.011216238749325338,0.0019361674026583443
1.622168383,276.2319733,135.5788464,1.571980399,923.2876913,922.5406806,273.1139313,922.5406806,1.521297889,194.8069316,1.521193381,273.1139313,114.02907095,251.86738465000002,114.02907095,1.420144395,1.419502166,251.86738465000002,224.00890765,262.7796009,1.419362598,7.9175982275,249.9854258,42.811679365,163.7688893,42.811679365,1.2612198344999999,1.419502166,163.7688893,224.9999984,282.63962934999995,1.2609734664999999,9.3584650615,161.9655259,159.46524245,0.0114741515,0.0018386885,1.6221648437229028,276.25914000905726,135.5925108237778,1.5719779390449415,923.5018193039928,922.7304574513377,273.1314976854651,922.9683753522079,1.5212848509502983,195.29223513290006,1.5211801822545814,273.02413557009424,114.31038891729473,252.09203229622622,114.2860911453392,1.4201554581461329,1.4195135291752146,252.02647793558737,224.18390490714043,263.1008527577434,1.4193738002263305,7.930482724627078,250.17807584483873,42.73542392987112,163.80894870135455,42.729949345069095,1.261204009410773,1.4195130721826463,163.75293458226864,222.89585312372517,280.9696557381355,1.2609495979351835,9.331613918745395,161.92801666177704,132.9111937088377,0.011216266965917899,0.0019361629800521004
1.622168383,276.2319733,135.5788464,1.571980399,923.2876913,922.5406806,273.1139313,922.5406806,1.521297889,194.8069316,1.521193381,273.1139313,114.02898615000001,251.86742385000002,114.02898615000001,1.420144395,1.419502166,251.86742385000002,224.00880899999999,262.7794531,1.419362598,7.917598185,249.98546720000002,42.811686855,163.7689091,42.811686855,1.2612198375,1.419502166,163.7689091,224.9999984,282.63967994999996,1.2609734695,9.358468128,161.9655439,159.45374544999999,0.011474167999999998,0.0018386954999999997,1.622164843711788,276.2591451010957,135.59252339084375,1.5719779391005049,923.5018319554622,922.7304724793556,273.1315039526102,922.9683903802263,1.521284851099781,195.29226828569557,1.5211801823287703,273.0241407927152,114.31033243826953,252.09208024470215,114.28603437367704,1.420155459079333,1.4195135299606725,252.02652651220927,224.18383028969706,263.1007305703008,1.4193738010513033,7.930483522985551,250.17812640821316,42.73534676454201,163.80893104179046,42.72987264273256,1.261204009737789,1.4195130729681043,163.75291793182248,222.895838257785,280.96972809161844,1.2609495985106778,9.331614661187038,161.92799677691931,132.91108229840012,0.011216295443847188,0.0019361582559156794
1.622168383,276.2319733,135.5788464,1.571980399,923.2876913,922.5406806,273.1139313,922.5406806,1.521297889,194.8069316,1.521193381,273.1139313,114.02890155,251.86746295,114.02890155,1.420144395,1.419502166,251.86746295,224.0087106,262.77930575000005,1.419362598,7.917598143,249.98550849999998,42.811694325,163.7689289,42.811694325,1.261219841,1.419502166,163.7689289,224.9999984,282.6397304,1.260973473,9.358471186500001,161.9655619,159.4422882,0.0114741845,0.0018387015,1.6221648437229028,276.2591486128464,135.59253817562725,1.5719779391199522,923.5018505605643,922.730492516713,273.1315070861828,922.9684137571438,1.521284851199436,195.29230143849108,1.5211801825760665,273.0241425335889,114.3102765445192,252.09212588997616,114.28597877256463,1.420155459899418,1.419513530562857,252.02657173871933,224.18375767989792,263.10061119823706,1.4193738016700328,7.930484321344024,250.17817444341887,42.73527067952751,163.80891237310843,42.72979655771866,1.2612040099994017,1.4195130737011985,163.75290128137632,222.8958333024716,280.9698004451014,1.260949598766453,9.331615289406889,161.9279758978187,132.91098574268756,0.011216323399315994,0.0019361536323039615
1.622168383,276.2319733,135.5788464,1.571980399,923.2876913,922.5406806,273.1139313,922.5406806,1.521297889,194.8069316,1.521193381,273.1139313,114.02881719999999,251.86750195000002,114.02881719999999,1.420144395,1.419502166,251.86750195000002,224.0086124,262.77915885000004,1.419362598,7.917598101,249.98554965,42.81170177,163.76894865000003,42.81170177,1.261219844,1.419502166,163.76894865000003,224.9999984,282.6397807,1.260973476,9.3584742365,161.9655798,159.4308706,0.011474201000000002,0.0018387085000000003,1.6221648437173455,276.25915247577217,135.5925514819324,1.5719779391699593,923.501864700442,922.7305092145108,273.1315110901922,922.9684337945017,1.521284851199436,195.2923345912866,1.5211801826997147,273.02414601533616,114.3102224065935,252.09217404783408,114.28592463463939,1.4201554607760607,1.4195135313744969,252.02661905904927,224.18368440088403,263.1004912630976,1.4193738024434448,7.930485164055746,250.1782233213475,42.73519644648091,163.80889597494175,42.729722324672636,1.261204010457224,1.4195130744081106,163.75288513548915,222.89581843653144,280.96987279858433,1.2609495991501158,9.33161591762674,161.92795601296095,132.91089512886498,0.011216348742184376,0.0019361500138329265
1.622168383,276.2319733,135.5788464,1.571980399,923.2876913,922.5406806,273.1139313,922.5406806,1.521297889,194.8069316,1.521193381,273.1139313,114.02873310000001,251.8675408,114.02873310000001,1.420144395,1.419502166,251.8675408,224.0085145,262.7790123,1.419362598,7.9175980589999995,249.98559075,42.81170919,163.76896835000002,42.81170919,1.261219847,1.419502166,163.76896835000002,224.9999984,282.6398309,1.260973479,9.358477278,161.9655976,159.41949255,0.011474217499999996,0.0018387145000000004,1.6221648437062306,276.2591573922231,135.59256478823752,1.5719779392421918,923.5018773519114,922.730522572749,273.13151787959947,922.96844965741,1.5212848513489183,195.29237216445486,1.521180182872822,273.0241508897824,114.31016826866778,252.09222346198396,114.28587049671414,1.4201554618506549,1.4195135323170465,252.02666763567117,224.18361112187014,263.1003724541096,1.4193738033199783,7.930486095473965,250.17827346336048,42.7351229850876,163.80888033361356,42.72964901761056,1.2612040110458527,1.4195130752982965,163.75286949416096,222.89580852590464,280.96994515206734,1.260949599789554,9.331616660068383,161.92793761946754,132.91081342787743,0.011216374868912752,0.0019361456917791648
1.622168383,276.2319733,135.5788464,1.571980399,923.2876913,922.5406806,273.1139313,922.5406806,1.521297889,194.8069316,1.521193381,273.1139313,114.02864919999999,251.86757955000002,114.02864919999999,1.420144395,1.419502166,251.86757955000002,224.0084169,262.7788661,1.419362598,7.9175980169999995,249.98563165000002,42.811716579999995,163.768988,42.811716579999995,1.26121985,1.419502166,163.768988,224.9999984,282.6398809,1.260973482,9.3584803105,161.9656154,159.40815385000002,0.011474234000000003,0.0018387215000000006,1.6221648436784435,276.25916318661166,135.59257291986845,1.5719779391699593,923.501890747585,922.730537600767,273.13152449491935,922.9684671900982,1.5212848520963311,195.29240531725037,1.5211801835899812,273.0241550678791,114.31011500865438,252.09226952602197,114.28581665142633,1.4201554627555761,1.419513532945413,252.02671328094522,224.18354018510783,263.1002592758794,1.419373804016049,7.930486960362311,250.1783206558433,42.73504983235561,163.80886343088793,42.72957617354045,1.2612040112420624,1.4195130759790267,163.7528533482738,222.89580852590464,280.9700175055503,1.260949600045329,9.33161745962092,161.92791823173127,132.91073915425238,0.011216398905556606,0.0019361417717852598
1.622168383,276.2319733,135.5788464,1.571980399,923.2876913,922.5406806,273.1139313,922.5406806,1.521297889,194.8069316,1.521193381,273.1139313,114.02856550000001,251.86761825000002,114.02856550000001,1.420144395,1.419502166,251.86761825000002,224.00831955,262.7787204,1.419362598,7.9175979755,249.98567255,42.811723955000005,163.76900755000003,42.811723955000005,1.261219853,1.419502166,163.76900755000003,224.9999984,282.63993085,1.260973485,9.358483336,161.96563315,159.3968544,0.011474250000000002,0.0018387275,1.6221648436450988,276.25916546924964,135.59258622617358,1.5719779392032973,923.5019056316667,922.7305559683446,273.13152745440453,922.9684863925662,1.5212848519468485,195.2924362598595,1.5211801836147107,273.02415646057807,114.31006145600354,252.09231559005997,114.28576339141338,1.4201554635191036,1.419513533730871,252.02675850745524,224.18346991756027,263.1001432822703,1.4193738047121198,7.930487758720783,250.17836826968755,42.734978222930195,163.80884551904433,42.7295045641156,1.2612040115690784,1.4195130767383028,163.75283720238662,222.89580357059126,280.97008985903324,1.2609496002371605,9.331618144951667,161.92789934111642,132.9106737934623,0.01121642085210251,0.0019361382538487673
1.622168383,276.2319733,135.5788464,1.571980399,923.2876913,922.5406806,273.1139313,922.5406806,1.521297889,194.8069316,1.521193381,273.1139313,114.02848205000001,251.8676568,114.02848205000001,1.420144395,1.419502166,251.8676568,224.00822245,262.77857505,1.419362598,7.917597934,249.98571325,42.811731304999995,163.76902710000002,42.811731304999995,1.261219856,1.419502166,163.76902710000002,224.9999984,282.6399806,1.260973488,9.3584863525,161.96565085,159.38559405,0.011474266000000004,0.0018387340000000005,1.6221648436117544,276.25917266833846,135.59260396791376,1.571977939264417,923.5019205157485,922.7305743359221,273.1315356365107,922.9685047601442,1.5212848523952962,195.2924848839596,1.5211801839609256,273.02416307589795,114.31000936653987,252.09236500420985,114.28571130195017,1.4201554646502554,1.4195135345948748,252.0268062465492,224.18339831158323,263.10002531789604,1.4193738055886533,7.9304887566688755,250.17841799033909,42.734908465472685,163.808831895952,42.72943511531995,1.261204012157707,1.4195130776284886,163.75282408385328,222.89579365996448,280.97015738895067,1.2609496008126548,9.3316190016151,161.92788243898735,132.9106084326723,0.011216442537422178,0.0019361350374552833
1.622168383,276.2319733,135.5788464,1.571980399,923.2876913,922.5406806,273.1139313,922.5406806,1.521297889,194.8069316,1.521193381,273.1139313,114.02839885,251.86769525,114.02839885,1.420144395,1.419502166,251.86769525,224.00812565,262.77843005,1.419362598,7.917597892,249.98575384999998,42.811738635,163.76904654999998,42.811738635,1.261219859,1.419502166,163.76904654999998,224.9999984,282.64003025,1.260973491,9.3584893605,161.9656685,159.37437260000002,0.011474281999999999,0.0018387405000000008,1.6221648436117544,276.2591761800892,135.59261505650136,1.5719779392505262,923.5019353998301,922.7305893639401,273.13154033686953,922.968525632392,1.5212848525447789,195.292511406196,1.5211801842082218,273.02416551312103,114.30995815498854,252.09240918380993,114.28565979776182,1.4201554656117343,1.4195135354850605,252.02685063553128,224.18333072089462,263.09991382889314,1.4193738064136259,7.930489532850724,250.17846265465317,42.734839479668466,163.80881600234434,42.72936612951627,1.261204012550126,1.4195130784139465,163.75280945164303,222.89578374933768,280.970215271737,1.2609496011963177,9.331619572724057,161.92786553685826,132.91054604282724,0.01121646213262662,0.0019361317205550998
1.622168383,276.2319733,135.5788464,1.571980399,923.2876913,922.5406806,273.1139313,922.5406806,1.521297889,194.8069316,1.521193381,273.1139313,114.02831585,251.8677336,114.02831585,1.420144395,1.419502166,251.8677336,224.00802905,262.77828550000004,1.419362598,7.917597851,249.98579435,42.811745935000005,163.76906595000003,42.811745935000005,1.261219862,1.419502166,163.76906595000003,224.9999984,282.64007975,1.260973494,9.3584923605,161.9656861,159.36319005000001,0.011474298000000004,0.0018387464999999993,1.6221648435672948,276.25918127212765,135.59262984128486,1.571977939342206,923.5019525165242,922.7306094012974,273.13154573357787,922.9685456697499,1.5212848527440888,195.292553399737,1.5211801845544366,273.0241700393926,114.30990635816231,252.09245692290386,114.28560800093605,1.4201554667146075,1.4195135363490643,252.0268983746252,224.1832587803102,263.0997975537462,1.4193738072128184,7.9304905529754395,250.1785123753047,42.73477111118688,163.80880187469305,42.72929776103522,1.2612040132695612,1.4195130793826782,163.7527963331097,222.8957787940243,280.97028280165443,1.2609496019636433,9.331620486498387,161.92784888328993,132.91049256581718,0.011216481989135373,0.0019361286046843463
1.622168383,276.2319733,135.5788464,1.571980399,923.2876913,922.5406806,273.1139313,922.5406806,1.521297889,194.8069316,1.521193381,273.1139313,114.0282331,251.8677719,114.0282331,1.420144395,1.419502166,251.8677719,224.0079328,262.7781414,1.419362598,7.91759781,249.98583474999998,42.811753214999996,163.76908535,42.811753214999996,1.261219865,1.419502166,163.76908535,224.9999984,282.64012915,1.260973497,9.3584953525,161.96570365,159.35204605,0.011474314000000003,0.0018387529999999996,1.6221648435617375,276.259185661816,135.59264166911163,1.5719779393366495,923.5019666564018,922.7306260990953,273.1315506080241,922.9685648722179,1.5212848529932264,195.2925799219734,1.5211801847522737,273.02417456566405,114.30985514661096,252.0925023587959,114.28555678938514,1.420155467732644,1.4195135371868863,252.02694276360728,224.18319085501423,263.0996860647433,1.4193738080635714,7.930491373510537,250.17855830370314,42.7347038230199,163.80878774704178,42.72923062719942,1.2612040136619804,1.4195130802990459,163.75278271001739,222.89576888339752,280.97034550800635,1.2609496023473061,9.331621114718239,161.92783198116084,132.91044354522467,0.011216500278056108,0.001936125991377256
1.622168383,276.2319733,135.5788464,1.571980399,923.2876913,922.5406806,273.1139313,922.5406806,1.521297889,194.8069316,1.521193381,273.1139313,114.02815054999999,251.86781,114.02815054999999,1.420144395,1.419502166,251.86781,224.0078367,262.77799760000005,1.419362598,7.9175977685,249.98587505,42.811760475,163.76910464999997,42.811760475,1.261219868,1.419502166,163.76910464999997,224.9999984,282.64017835,1.2609735,9.358498336,161.9657212,159.3409407,0.011474330000000003,0.0018387594999999992,1.6221648435172782,276.2591911050295,135.59265793237347,1.5719779393866566,923.5019830288917,922.7306444666727,273.131557223344,922.9685840746859,1.521284853441674,195.29262412570077,1.521180185321055,273.02417909193554,114.30980422769704,252.09255051665383,114.2855061631091,1.4201554687224018,1.419513538129436,252.02698799011733,224.1831225951109,263.09957344958883,1.4193738088627637,7.93049232710538,250.1786050748245,42.73463684351423,163.80877387166998,42.72916364769428,1.2612040144468186,1.4195130810845038,163.75277009604304,222.89576888339752,280.9704082143582,1.2609496029867442,9.331622085603463,161.9278168189568,132.91040046652213,0.011216519089548554,0.0019361230765388964
1.622168383,276.2319733,135.5788464,1.571980399,923.2876913,922.5406806,273.1139313,922.5406806,1.521297889,194.8069316,1.521193381,273.1139313,114.0280682,251.8678481,114.0280682,1.420144395,1.419502166,251.8678481,224.00774095,262.7778542,1.419362598,7.9175977275000005,249.9859152,42.81176771,163.7691239,42.81176771,1.2612198715,1.419502166,163.7691239,224.9999984,282.64022745,1.260973503,9.358501312,161.96573865,159.3298737,0.011474345500000004,0.0018387655000000006,1.6221648435061633,276.2591951435428,135.5926712386786,1.5719779394199946,923.5019994013816,922.7306611644706,273.13156279413965,922.9686041120437,1.5212848537904666,195.29265948868266,1.5211801856425402,273.0241822255081,114.30975330878313,252.09259406810796,114.28545524419563,1.4201554696838807,1.419513538888712,252.0270323790994,224.18305433520754,263.0994633682754,1.419373809661956,7.930493191993726,250.17864973913856,42.73457078999252,163.80875974401872,42.7290979028344,1.261204014970044,1.419513081896144,163.75275647295072,222.89576888339752,280.97047574427563,1.2609496036261822,9.331622942266897,161.9278004139492,132.9103603587646,0.011216536333444342,0.001936120362727815
1.622168383,276.2319733,135.5788464,1.571980399,923.2876913,922.5406806,273.1139313,922.5406806,1.521297889,194.8069316,1.521193381,273.1139313,114.02798609999999,251.867886,114.02798609999999,1.420144395,1.419502166,251.867886,224.00764544999998,262.7777112,1.419362598,7.917597686500001,249.9859553,42.811774920000005,163.76914315,42.811774920000005,1.2612198745,1.419502166,163.76914315,224.9999984,282.64027645,1.260973506,9.3585042795,161.96575604999998,159.31884495,0.011474361500000002,0.0018387719999999994,1.6221648434672613,276.2592005867563,135.5926852842229,1.5719779394533329,923.5020172622797,922.7306778622684,273.1315671463238,922.9686258191815,1.5212848537904666,195.29269927203725,1.5211801858156475,273.0241867517796,114.30970356041897,252.09263992276396,114.28540520319446,1.4201554707301962,1.4195135398050798,252.02707844313744,224.1829860753042,263.0993499085073,1.4193738105127092,7.930494123411945,250.17869819570575,42.73450442780948,163.80874586864692,42.72903169498254,1.2612040155586728,1.4195130828910574,163.7527433544174,222.89575897277072,280.97053845062754,1.260949604073789,9.331623627597644,161.92778475462373,132.91032767836958,0.011216553577366629,0.0019361167443189575
1.622168383,276.2319733,135.5788464,1.571980399,923.2876913,922.5406806,273.1139313,922.5406806,1.521297889,194.8069316,1.521193381,273.1139313,114.0279043,251.8679238,114.0279043,1.420144395,1.419502165,251.8679238,224.00755015,262.7775686,1.419362598,7.917597646,249.9859952,42.811782109999996,163.76916225000002,42.811782109999996,1.2612198774999999,1.419502165,163.76916225000002,224.9999984,282.64032525,1.260973509,9.358507239,161.9657734,159.30785435,0.011474377000000006,0.0018387785000000003,1.6221648434339166,276.2592055032072,135.5927000690064,1.5719779394922273,923.5020306579531,922.7306962298459,273.1315741098184,922.9686450216494,1.5212848541392592,195.29273684520552,1.5211801863349697,273.02419267075004,114.3096538120548,252.092685986802,114.28535486955585,1.4201554718330691,1.4195135407214474,252.0271232508835,224.18291781540086,263.0992389825801,1.4193738113634622,7.930495121360036,250.1787432813813,42.73443868294909,163.8087324978341,42.72896610445331,1.2612040161473015,1.4195130837288792,163.75273074044304,222.89574906214395,280.97059150984836,1.2609496046492832,9.331624370039286,161.92776884673754,132.91029499797455,0.011216570821315438,0.0019361143320501433
1.622168383,276.2319733,135.5788464,1.571980399,923.2876913,922.5406806,273.1139313,922.5406806,1.521297889,194.8069316,1.521193381,273.1139313,114.02782265,251.86796155000002,114.02782265,1.420144395,1.419502165,251.86796155000002,224.00745515,262.77742639999997,1.419362598,7.917597605,249.98603509999998,42.81178928,163.76918135,42.81178928,1.2612198805000001,1.419502165,163.76918135,224.9999984,282.64037395,1.2609735115,9.3585101905,161.96579075,159.29690175000002,0.011474392500000003,0.0018387845,1.6221648433950147,276.2592104196582,135.59271041835484,1.5719779395255653,923.5020455420349,922.7307129276437,273.13157898426465,922.9686667287872,1.5212848544382243,195.29277441837377,1.5211801865822658,273.02419475979843,114.30960435632807,252.09273288836795,114.28530629174183,1.4201554729076633,1.4195135415592692,252.02716847739356,224.1828518977491,263.0991303089561,1.4193738121626545,7.930496074954879,250.17878963114117,42.73437340108067,163.80871988385974,42.728900822585395,1.2612040167359302,1.419513084619065,163.75271913558663,222.89574410683056,280.9706542162003,1.2609496051608338,9.331625112480928,161.92775418165496,132.91026974494204,0.011216587542745661,0.0019361110151854314
1.622168383,276.2319733,135.5788464,1.571980399,923.2876913,922.5406806,273.1139313,922.5406806,1.521297889,194.8069316,1.521193381,273.1139313,114.02774120000001,251.86799919999999,114.02774120000001,1.420144395,1.419502165,251.86799919999999,224.00736045000002,262.77728455,1.4193625975,7.917597564,249.98607479999998,42.811796425,163.76920045,42.811796425,1.2612198835,1.419502165,163.76920045,224.9999984,282.6404225,1.2609735145,9.358513133999999,161.965808,159.285987,0.011474408000000005,0.0018387904999999994,1.6221648434005722,276.25921445817147,135.59272668161668,1.5719779395255653,923.502063402933,922.7307346347808,273.1315861218466,922.968687601035,1.5212848547870168,195.292811991542,1.52118018697794,273.02420102694356,114.30955490060134,252.092778533642,114.28525625074066,1.4201554739539788,1.4195135424756369,252.02721370390358,224.18278464166787,263.0990188199532,1.4193738130134077,7.930496939843225,250.17883555953964,42.73430842787356,163.80870499937,42.72883615804011,1.2612040171283494,1.4195130855616145,163.7527060170533,222.89573419620376,280.9707072754211,1.2609496058642156,9.331625912033466,161.92773877089022,132.91025043379952,0.01121660321910914,0.0019361082008804344
1.622168383,276.2319733,135.5788464,1.571980399,923.2876913,922.5406806,273.1139313,922.5406806,1.521297889,194.8069316,1.521193381,273.1139313,114.02766005,251.8680367,114.02766005,1.420144395,1.419502165,251.8680367,224.00726594999998,262.77714315000003,1.419362597,7.917597524,249.98611445,42.811803545000004,163.76921944999998,42.811803545000004,1.2612198865,1.419502165,163.76921944999998,224.9999984,282.64047095,1.2609735175,9.3585160685,161.96582525,159.27511,0.011474423500000002,0.0018387969999999999,1.6221648433227682,276.259219901385,135.59274146640016,1.5719779395394562,923.502081263831,922.7307496627988,273.1315892554192,922.9687059686131,1.521284854986327,195.292853985083,1.521180187299425,273.0242045086909,114.30950632278692,252.09282334138805,114.28520767292666,1.4201554749437364,1.4195135433658228,252.0272580928857,224.18271805480137,263.0989112724807,1.4193738138899412,7.930497804731571,250.17888190929952,42.73424376332777,163.80869263767514,42.72877133916417,1.2612040175207686,1.4195130864779824,163.75269340307895,222.89572924089038,280.9707748053385,1.2609496061839347,9.331626597364213,161.92772336012547,132.910231122657,0.011216619418041071,0.0019361052860688566
1.622168383,276.2319733,135.5788464,1.571980399,923.2876913,922.5406806,273.1139313,922.5406806,1.521297889,194.8069316,1.521193381,273.1139313,114.02757905,251.86807414999998,114.02757905,1.420144395,1.419502165,251.86807414999998,224.00717170000001,262.77700204999996,1.419362597,7.917597483,249.986154,42.811810644999994,163.76923835000002,42.811810644999994,1.2612198895,1.419502165,163.76923835000002,224.9999984,282.64051925,1.2609735205,9.358518996,161.96584239999999,159.2642706,0.011474439000000003,0.001838803,1.6221648432894236,276.25922587136114,135.59275255498778,1.571977939617245,923.5020931710964,922.7307630210371,273.1315979597875,922.9687226664113,1.5212848555344296,195.29288934806488,1.521180187892936,273.0242104276613,114.30945833024737,252.092870661718,114.28515880247522,1.4201554762162822,1.4195135442560085,252.02730457568768,224.18265113332748,263.09880316193244,1.4193738147664747,7.930498935739408,250.17892783769798,42.73417940744329,163.80868078053922,42.72870729194151,1.2612040184364133,1.41951308739435,163.75268230278152,222.89573419620376,280.97083268812486,1.2609496070152042,9.331627625360333,161.92770944072507,132.9102147824595,0.011216635616996408,0.0019361021702406448
1.622168383,276.2319733,135.5788464,1.571980399,923.2876913,922.5406806,273.1139313,922.5406806,1.521297889,194.8069316,1.521193381,273.1139313,114.02749825000001,251.86811145000001,114.02749825000001,1.420144395,1.419502165,251.86811145000001,224.0070778,262.77686140000003,1.419362597,7.917597443,249.9861934,42.81181772,163.76925725,42.81181772,1.2612198925,1.419502165,163.76925725,224.9999984,282.6405674,1.260973523,9.358521915499999,161.96585955,159.25346865,0.011474453999999999,0.0018388094999999994,1.6221648432394067,276.2592316657497,135.59276733977126,1.5719779396228013,923.5021110319944,922.7307830583944,273.1316037046705,922.968743538659,1.521284855683912,195.29293134160588,1.5211801881402323,273.02421460575806,114.30941004507038,252.09291526008207,114.28511110257352,1.4201554771777611,1.4195135451723762,252.02734728961383,224.18258621949784,263.09869505138414,1.4193738156172278,7.930499756274505,250.17897250201207,42.73411582321211,163.8086674097264,42.72864370771082,1.2612040188942355,1.4195130882583538,163.75266968880715,222.89571437495022,280.9708809237802,1.260949607398867,9.331628196469289,161.92769452708177,132.91020141320698,0.01121664972578302,0.0019360999590107624
1.622168383,276.2319733,135.5788464,1.571980399,923.2876913,922.5406806,273.1139313,922.5406806,1.521297889,194.8069316,1.521193381,273.1139313,114.02741775,251.86814865000002,114.02741775,1.420144395,1.419502165,251.86814865000002,224.00698405,262.77672110000003,1.419362597,7.917597403,249.98623270000002,42.811824775000005,163.7692761,42.811824775000005,1.2612198955,1.419502165,163.7692761,224.9999984,282.64061549999997,1.260973526,9.3585248265,161.96587664999998,159.242704,0.011474469499999997,0.0018388154999999995,1.6221648432171771,276.25923535308794,135.5927828637939,1.5719779397228155,923.5021274044843,922.7308014259719,273.1316092754662,922.9687669155767,1.5212848560825323,195.29296670458777,1.521180188610095,273.02421878385485,114.30936234516827,252.0929613241201,114.28506340267181,1.420155478422028,1.4195135460887438,252.0273941911798,224.18252097106082,263.0985903192905,1.4193738164679808,7.930500909458967,250.1790192731334,42.73405301063421,163.80865656170846,42.72858058647211,1.2612040194828642,1.4195130892794492,163.7526590930687,222.89571437495022,280.9709484536976,1.2609496080383051,9.331629110243618,161.92767961343847,132.910189529427,0.011216664357136025,0.001936096843191122
1.622168383,276.2319733,135.5788464,1.571980399,923.2876913,922.5406806,273.1139313,922.5406806,1.521297889,194.8069316,1.521193381,273.1139313,114.0273374,251.86818575,114.0273374,1.420144395,1.419502165,251.86818575,224.0068906,262.7765812,1.419362597,7.9175973630000005,249.9862719,42.811831805,163.7692949,42.811831805,1.261219898,1.419502165,163.7692949,224.9999984,282.6406634,1.260973529,9.358527729999999,161.96589365,159.23197655,0.011474484500000003,0.0018388215000000004,1.6221648432005047,276.25924167423915,135.59279543085987,1.5719779397394846,923.5021422885661,922.7308181237697,273.13161554261137,922.9687844482648,1.5212848563316699,195.293004277756,1.52118018895631,273.0242243546505,114.30931405999128,252.09300487557422,114.28501541013267,1.4201554794400648,1.4195135469789297,252.0274381613979,224.18245605723115,263.0984819272044,1.4193738173960753,7.930501796523937,250.1790647801704,42.733989889395005,163.80864344317513,42.72851777389471,1.2612040201368961,1.4195130901958168,163.75264799277127,222.89570941963683,280.971006336484,1.2609496086137992,9.331629909796156,161.92766569403804,132.91018061659196,0.011216678465958786,0.0019360938278865675
